91
HG934181_AUT_2001 0.0000000 0.0341268 0.1392182 1.6034769 1.6184387 1.7498405 1.8950636 1.9666204 0.1993334 0.2005395 2.1432139 2.1832998 1.5962310 1.6625688 0.3416928 0.0243568 0.0219830 0.0402606 0.0361742 0.1416867 0.1422527 0.1516587 0.1482979 0.1544877 0.1530026 0.0658100 0.1501273 0.1602670 0.1578344 1.5656618 1.6121861 1.6022928 1.5860199 1.5538580 1.6016273 1.5887842 1.6014640 0.0579402 0.0225212 0.1390747 0.0214921 0.0393825 0.0388834 0.1389727 0.0393286 0.0509581 0.0416775 0.0469730 0.1533245 0.1567814 0.1450995 0.1502408 0.1508586 0.1507858 0.1540459 0.1628152 0.1566825 0.1621132 0.1574967 0.1651653 8.9999990 2.7435941 8.9999984 0.1410563 0.1399375 0.1602212 0.1600761 2.4011845 2.9546179 2.0699053 2.8796716 3.1471595 2.9282898 2.2782235 1.6546263 1.6063886 1.5714965 1.5521472 1.5531774 1.5200031 1.5722440 1.5986521 1.5463308 1.6443444 1.5770553 1.6457860 1.5828140 0.3190892 0.3077788 0.3581777 0.3581777 
HG934186_AUT_2003 0.0341268 0.0000000 0.1472146 1.5506296 1.5647720 1.5938102 1.9003584 1.9147250 0.1888304 0.1899516 1.9442243 1.9796029 1.5333183 1.5489367 0.3230734 0.0224621 0.0229136 0.0224815 0.0095537 0.1497442 0.1503089 0.1531547 0.1484101 0.1588110 0.1530933 0.0692415 0.1513727 0.1596054 0.1604706 1.5438819 1.5497910 1.5431919 1.5272979 1.4704524 1.5157639 1.5296083 1.5419442 0.0633557 0.0282794 0.1451678 0.0186790 0.0393685 0.0388695 0.1455638 0.0229961 0.0520554 0.0228816 0.0316143 0.1550806 0.1568532 0.1493909 0.1517489 0.1551803 0.1581210 0.1552744 0.1705745 0.1676200 0.1731779 0.1585504 0.1692452 8.9999987 2.6427382 8.9999982 0.1490650 0.1472125 0.1571592 0.1598571 2.4097117 2.9745932 1.9531150 2.8614328 2.9430281 2.8893768 2.2811256 1.5693109 1.5744666 1.5648429 1.4688270 1.4695601 1.4385454 1.4873858 1.5812943 1.4630552 1.6096970 1.5678622 1.6403492 1.5790982 0.2980978 0.2871785 0.3449394 0.3449394 
HG934199_AUT_2004 0.1392182 0.1472146 0.0000000 1.4679145 1.4809207 1.6336061 1.7308800 1.7411413 0.0741544 0.0745263 1.9240812 1.9878391 1.6332700 1.6632108 0.2975403 0.1370457 0.1341650 0.1460710 0.1453269 0.0104731 0.0095808 0.1537752 0.1558377 0.1546790 0.1572766 0.1559097 0.1517163 0.1600463 0.1583034 1.3831133 1.4343292 1.3659133 1.3907373 1.3902270 1.4326432 1.4139777 1.4476107 0.1174463 0.1361731 0.1328232 0.1382372 0.1501233 0.1494711 0.0095671 0.1437635 0.1467223 0.1442462 0.1509686 0.1557234 0.1602014 0.1469179 0.1584984 0.1583835 0.1597328 0.1507090 0.1697497 0.1630366 0.1671145 0.1498502 0.1526068 8.9999986 2.4390158 8.9999981 0.0100122 0.0091406 0.1615507 0.1628442 2.4649122 2.9198013 1.8638386 2.7694192 3.0221961 2.8948493 2.1482110 1.5211477 1.4119191 1.4072292 1.3567516 1.3352469 1.3294937 1.3505932 1.3700263 1.3293915 1.4083599 1.3786920 1.5029513 1.3957026 0.2466848 0.2464065 0.3253121 0.3253121 
JQ320267_CHN_2009 1.6034769 1.5506296 1.4679145 0.0000000 0.0000010 0.0650329 1.9950760 1.9428105 1.8550237 1.8626175 2.7299742 2.8094002 0.1100062 0.1324894 1.6859036 1.5441419 1.5390101 1.4929849 1.5309441 1.4700704 1.4628539 1.6269997 1.5759847 1.6167644 1.6170769 1.5691445 1.5759847 1.5841185 1.5206209 1.4388432 1.4192879 1.6186374 1.5514966 1.4008621 1.4466373 1.5590706 1.5817911 1.5570089 1.5568994 1.5195963 1.5547481 1.5513850 1.5408728 1.4628539 1.5206880 1.5646323 1.5640119 1.5343643 1.6352771 1.6237444 1.6167644 1.6127084 1.6067166 1.5980304 1.6108996 1.6649800 1.6028436 1.6707858 1.6356691 1.5435176 8.9683673 3.1253447 8.9999988 1.4810363 1.4628539 1.6350345 1.6350345 3.1473855 3.3096233 2.1529952 3.3813544 2.2944404 2.4196379 2.3108067 0.1138416 1.4538260 1.4521041 1.4382237 1.4389022 1.4251784 1.4626203 1.3925185 1.4318316 1.4416002 1.4325557 1.4141752 1.5109064 1.7172316 1.6938525 1.6446659 1.6446659 
JQ320266_CHN_2009 1.6184387 1.5647720 1.4809207 0.0000010 0.0000000 0.0650329 1.9950760 1.9428105 1.8550237 1.8626175 2.7299742 2.8094002 0.1105453 0.1324894 1.6780408 1.5583045 1.5530655 1.5064066 1.5447441 1.4831452 1.4757944 1.6422668 1.5904819 1.6318825 1.6321709 1.5610975 1.5904819 1.5987885 1.5343872 1.4388432 1.4192879 1.6186374 1.5514966 1.4008621 1.4466373 1.5590706 1.5817911 1.5711596 1.5712076 1.5333127 1.5690978 1.5656035 1.5549072 1.4757944 1.5345191 1.5565714 1.5784016 1.5481778 1.6507851 1.6390419 1.6318825 1.6277393 1.6216901 1.6129206 1.6259268 1.6568707 1.6179204 1.6746941 1.6514117 1.5576349 8.9683673 3.0808350 8.9999988 1.4942237 1.4757944 1.6505365 1.6505365 3.1473855 3.3096233 2.1529952 3.3813544 2.2944404 2.4196379 2.3108067 0.1138416 1.4538260 1.4521041 1.4382237 1.4389022 1.4251784 1.4626203 1.3925185 1.4318316 1.4416002 1.4325557 1.4141752 1.5109064 1.7172316 1.6938525 1.6369207 1.6369207 
JN582179_CHN_2011 1.7498405 1.5938102 1.6336061 0.0650329 0.0650329 0.0000000 2.1589114 2.1049418 1.9866445 1.9955089 2.5997789 2.6722091 0.1080548 0.1186856 1.6785624 1.6603065 1.6543299 1.5314308 1.5828224 1.6353059 1.6657426 1.6864867 1.6196612 1.6973431 1.6756672 1.6606384 1.6740649 1.6712323 1.6662276 1.5940038 1.5478160 1.6777672 1.6637764 1.4904042 1.5106524 1.7004830 1.6963404 1.6590764 1.6741719 1.5440146 1.6403318 1.6572750 1.6454247 1.6549545 1.5882675 1.6559859 1.6184224 1.5885235 1.6959143 1.6708390 1.7195585 1.6927392 1.7084113 1.7213872 1.6956170 1.7469335 1.6800503 1.7405161 1.7315041 1.7149039 8.9999982 3.0670749 8.9999985 1.6442425 1.6549545 1.7067872 1.7067872 3.0756674 3.3486929 1.9381232 3.4695362 2.1936088 2.2900416 2.3881771 0.0915368 1.5600767 1.5836262 1.5688585 1.5700088 1.5290807 1.5685642 1.5441879 1.5642564 1.6035694 1.5939159 1.5706849 1.6195064 1.6432462 1.6898709 1.6923533 1.6923533 
KY856718_CHN_2016 1.8950636 1.9003584 1.7308800 1.9950760 1.9950760 2.1589114 0.0000000 0.0142775 1.7900505 1.7900505 2.6081908 2.6171721 2.1007931 2.1019630 2.0565720 1.8458601 1.8168382 1.8686960 1.9033382 1.7704748 1.7523268 1.8256656 1.8333300 1.8197091 1.8258435 2.0431427 1.8086759 1.7963652 1.8180439 0.0623645 0.0691193 0.0529287 0.0545824 0.0760679 0.0819516 0.0613700 0.0635763 1.7692208 1.8964367 1.8594172 1.8434068 1.9295535 1.9127098 1.7398934 1.8245655 1.9478651 1.9472479 1.9316520 1.8177205 1.8175448 1.8197091 1.8560168 1.7931626 1.7965074 1.9097365 1.8261091 1.7752589 1.8063523 1.8620750 1.8596041 8.9999989 3.7621315 8.9999981 1.7648611 1.7398934 1.8770361 1.8631589 1.1758772 3.4430020 2.5234051 3.5244179 3.2536426 3.4934027 2.7409325 2.2518078 0.0783589 0.0714138 0.0482384 0.0439422 0.0528297 0.0461147 0.0532054 0.0506713 0.0601030 0.0575387 0.0825242 0.0644431 2.1040449 2.1293551 2.2011979 2.2011979 
KY856716_CHN_2016 1.9666204 1.9147250 1.7411413 1.9428105 1.9428105 2.1049418 0.0142775 0.0000000 1.8014186 1.8014186 2.6071204 2.6160652 2.0463200 2.0483923 2.0544222 1.9152470 1.8843332 1.9109805 1.9467442 1.7816420 1.7630892 1.8008590 1.8084482 1.7949319 1.7966836 2.0786782 1.8105959 1.7719591 1.7932202 0.0600545 0.0690362 0.0528665 0.0545188 0.0759758 0.0818500 0.0566683 0.0635016 1.7974036 1.9685999 1.8618316 1.9124226 2.0040750 1.9859980 1.7503987 1.8646535 1.9807581 1.9926531 1.9410487 1.7930334 1.7928615 1.7949319 1.8310291 1.7949319 1.7720415 1.8843094 1.8281951 1.7768777 1.7770483 1.8370031 1.8343088 8.9999986 3.6272133 8.9999983 1.7758840 1.7503987 1.8517087 1.8379356 1.1730785 3.4503499 2.5730725 3.5326440 3.2693482 3.4504638 2.6908213 2.1951343 0.0782638 0.0713277 0.0481822 0.0438912 0.0527677 0.0460610 0.0488352 0.0506118 0.0600312 0.0531082 0.0848490 0.0643661 2.1336683 2.1597004 2.1591611 2.1591611 
MN938587_CHN_2017 0.1993334 0.1888304 0.0741544 1.8550237 1.8550237 1.9866445 1.7900505 1.8014186 0.0000000 0.0000010 1.9875337 2.0241369 1.9155453 1.9129154 0.2845266 0.1800761 0.1806616 0.1989076 0.1851416 0.0849811 0.0761605 0.1705266 0.1731139 0.1566884 0.1873935 0.1919111 0.1648363 0.1535810 0.1639974 1.5229299 1.5212377 1.4991526 1.5070266 1.4703266 1.5149617 1.5573574 1.5696787 0.1506308 0.1820709 0.1693552 0.1826330 0.2088273 0.2055163 0.0761605 0.1857459 0.1820850 0.1988557 0.1986219 0.1674493 0.1736329 0.1541654 0.1718483 0.1617577 0.1690512 0.1731145 0.1829791 0.1765170 0.1829791 0.1748858 0.1566420 8.9999984 2.2357100 8.9999986 0.0802044 0.0741544 0.1924015 0.1897103 2.4785142 3.0155730 1.9508577 2.9092079 3.1605040 3.0267424 2.4506029 1.8591644 1.5188545 1.5363148 1.4636937 1.4643983 1.4339936 1.4818693 1.4770114 1.4580147 1.5139544 1.4624035 1.5902048 1.4763760 0.2762497 0.2918935 0.3178866 0.3178866 
MN938586_CHN_2017 0.2005395 0.1899516 0.0745263 1.8626175 1.8626175 1.9955089 1.7900505 1.8014186 0.0000010 0.0000000 1.9782728 2.0148701 1.9381336 1.9348664 0.2745514 0.1811367 0.1817293 0.2001065 0.1862334 0.0854181 0.0765436 0.1715484 0.1741524 0.1576145 0.1885307 0.1930557 0.1658181 0.1545129 0.1649861 1.5229299 1.5212377 1.4991526 1.5070266 1.4703266 1.5149617 1.5573574 1.5696787 0.1514970 0.1831578 0.1703786 0.1837094 0.2074041 0.2040822 0.0765436 0.1868450 0.1831715 0.2000535 0.1998147 0.1684482 0.1746780 0.1550752 0.1728879 0.1627165 0.1700698 0.1741722 0.1840948 0.1775836 0.1840948 0.1759650 0.1575676 8.9999983 2.1196033 8.9999982 0.0806104 0.0745263 0.1935892 0.1908804 2.4696505 3.0349330 1.9355735 2.9503381 3.1265715 2.9941723 2.4358276 1.8667637 1.5188545 1.5363148 1.4636937 1.4643983 1.4339936 1.4818693 1.4770114 1.4580147 1.5139544 1.4624035 1.5902048 1.4763760 0.2664963 0.2819428 0.3074260 0.3074260 
MT847606_CHN_2018 2.1432139 1.9442243 1.9240812 2.7299742 2.7299742 2.5997789 2.6081908 2.6071204 1.9875337 1.9782728 0.0000000 0.0104583 2.6462234 2.9414585 2.0320912 2.0782202 2.1116764 2.0547917 1.9798028 1.9747171 1.9516370 1.8231998 1.8402120 1.9025516 1.9112154 2.1345322 1.8869176 1.8523298 1.8391451 2.0067218 2.1594365 1.9632508 1.9708477 2.0475548 2.0869911 2.0118577 1.9974561 1.9379954 2.1311291 1.8630588 2.0634797 2.1612179 2.1422169 1.9378019 1.9747232 2.1461992 1.9915026 2.0388274 1.8637178 1.8635430 1.8760897 1.8908489 1.9025516 1.8973040 1.8554319 1.8982145 1.9495887 1.9497837 1.9757719 1.9680451 8.9813939 3.1831721 8.9999988 1.9378019 1.9378019 1.8792213 1.8661741 2.7681359 2.8066781 2.1431620 2.7304475 2.9032425 2.7487230 2.2437646 2.6216956 2.0542722 2.0900492 2.0919545 2.0325431 2.0854589 2.0459873 1.9479632 2.0524104 2.0240968 2.0221618 2.1240500 2.0944887 2.0152973 2.0514870 2.1964690 2.1964690 
MT847605_CHN_2018 2.1832998 1.9796029 1.9878391 2.8094002 2.8094002 2.6722091 2.6171721 2.6160652 2.0241369 2.0148701 0.0104583 0.0000000 2.7232725 2.9794927 2.0705506 2.1169109 2.1512753 2.0927255 2.0160152 2.0403020 2.0164965 1.8816699 1.8996884 1.9647616 1.9734068 2.2065174 1.9483333 1.9126496 1.8989003 2.0139238 2.1304409 1.9703577 1.9779343 2.0547877 2.0943565 2.0191300 2.0046368 2.0019870 2.1711774 1.9238096 2.1018210 2.2019652 2.1823982 2.0021068 2.0109005 2.2185047 2.0277363 2.0764544 1.9239188 1.9237312 1.9372661 1.9525171 1.9647616 1.9588534 1.9157579 1.9612204 2.0137953 2.0140047 2.0704657 2.0044095 8.9999987 3.2177686 8.9999990 2.0021068 2.0021068 1.9402862 1.9267339 2.8814179 2.8634532 2.1682354 2.7424973 2.9613715 2.8029807 2.3099825 2.6956098 2.0965435 2.1334986 2.0994132 2.0398133 2.0929127 2.0532785 1.9549417 2.0597058 2.0313129 2.0293374 2.1685862 2.1019564 2.0829860 2.0903979 2.2391068 2.2391068 
KC787157_CMR_2009 1.5962310 1.5333183 1.6332700 0.1100062 0.1105453 0.1080548 2.1007931 2.0463200 1.9155453 1.9381336 2.6462234 2.7232725 0.0000000 0.0396222 1.7217266 1.5242835 1.5282494 1.4752642 1.5327825 1.6503652 1.6611027 1.6699633 1.6411642 1.6373566 1.6556435 1.5500978 1.6204730 1.6531509 1.6138423 1.5875381 1.4883287 1.6088687 1.5957082 1.4542353 1.5017241 1.6315486 1.6236309 1.5988178 1.5270273 1.5965106 1.5082158 1.5391456 1.5299211 1.6906981 1.5120895 1.5290945 1.5263756 1.4859553 1.6899783 1.6619537 1.6373566 1.6157549 1.6104410 1.6780889 1.6102346 1.6805744 1.5961172 1.6555338 1.5966914 1.5706015 8.9999987 3.5314642 8.9999985 1.6517685 1.6517685 1.6710199 1.6710199 3.0089907 3.3431314 2.0416983 3.4784565 2.5269782 2.6875160 2.3154152 0.1360399 1.5233471 1.5498683 1.5855806 1.5868550 1.5409367 1.5852663 1.5492799 1.5778257 1.5776972 1.5544630 1.5367630 1.5860914 1.7346330 1.7253363 1.6362005 1.6362005 
KC787164_CMR_2009 1.6625688 1.5489367 1.6632108 0.1324894 0.1324894 0.1186856 2.1019630 2.0483923 1.9129154 1.9348664 2.9414585 2.9794927 0.0396222 0.0000000 1.7334355 1.5401613 1.5549093 1.5064122 1.5382508 1.6615710 1.6855607 1.6844196 1.6161188 1.6482817 1.6656278 1.5735015 1.6717205 1.7170577 1.6747943 1.7176962 1.5752558 1.6597251 1.6743480 1.5384629 1.5880328 1.6824234 1.7032814 1.5676436 1.5690820 1.6064129 1.5613545 1.5941350 1.5827068 1.6743451 1.5409744 1.5484127 1.5731859 1.5239262 1.6940495 1.6939104 1.6924300 1.6656470 1.6591997 1.7168324 1.7164077 1.7198222 1.6023881 1.6118953 1.7270176 1.6299839 8.9999988 3.9316389 8.9999982 1.6632108 1.6743451 1.6970213 1.6970213 3.0540139 3.6762351 2.1572116 3.7405418 2.7028004 2.7363753 2.4526434 0.1418902 1.6125112 1.6126701 1.6497777 1.6513147 1.6339376 1.6494417 1.6484350 1.6415926 1.6848761 1.6603690 1.5992182 1.5918381 1.8336729 1.8386378 1.7043864 1.7043864 
HG934189_DEU_1987 0.3416928 0.3230734 0.2975403 1.6859036 1.6780408 1.6785624 2.0565720 2.0544222 0.2845266 0.2745514 2.0320912 2.0705506 1.7217266 1.7334355 0.0000000 0.3330835 0.3416336 0.3345065 0.3243765 0.2935901 0.2985201 0.3129845 0.3228727 0.3244812 0.3230940 0.3277551 0.3184897 0.3244159 0.3286170 1.5968772 1.5805905 1.5955701 1.6289547 1.5273326 1.5732865 1.6583461 1.6716476 0.3179553 0.3280617 0.3184876 0.3296395 0.3313343 0.3334634 0.2968636 0.3361400 0.3146468 0.3308326 0.3249915 0.3261517 0.3183383 0.3177727 0.3203462 0.3277607 0.3328333 0.3229814 0.3310572 0.3311275 0.3365070 0.3414630 0.3428145 8.9999988 2.4387564 8.9999986 0.2965739 0.2887364 0.3356961 0.3353357 2.4980988 3.5227692 2.0520703 3.4430963 2.7446912 2.8365413 2.1435710 1.6610920 1.5858261 1.5587705 1.5983323 1.5967046 1.5652000 1.5910390 1.6873254 1.5309678 1.6835507 1.6929791 1.6394022 1.5848215 0.1181308 0.1026324 0.0832360 0.0832360 
HG934178_DEU_2000 0.0243568 0.0224621 0.1370457 1.5441419 1.5583045 1.6603065 1.8458601 1.9152470 0.1800761 0.1811367 2.0782202 2.1169109 1.5242835 1.5401613 0.3330835 0.0000000 0.0091396 0.0302005 0.0262954 0.1394958 0.1400616 0.1503217 0.1456062 0.1559442 0.1488474 0.0577734 0.1485534 0.1535905 0.1592843 1.5305846 1.5763644 1.5421908 1.5263558 1.5190722 1.5661793 1.5286514 1.5658438 0.0600065 0.0178126 0.1405559 0.0140651 0.0303278 0.0298448 0.1368048 0.0288037 0.0424298 0.0305867 0.0376322 0.1508280 0.1526021 0.1465767 0.1475077 0.1509226 0.1524935 0.1540937 0.1636780 0.1587071 0.1641332 0.1556610 0.1680512 8.9999982 2.5077374 8.9999989 0.1388789 0.1370904 0.1559698 0.1572488 2.4295150 3.0247387 1.9750983 2.8793156 3.1122856 2.9164011 2.3234819 1.5728575 1.5706419 1.5364702 1.4934573 1.4942795 1.4624668 1.5125736 1.5309898 1.4623441 1.5830016 1.5177353 1.6095351 1.5477410 0.3167467 0.3056649 0.3570073 0.3570073 
HG934177_DEU_2000 0.0219830 0.0229136 0.1341650 1.5390101 1.5530655 1.6543299 1.8168382 1.8843332 0.1806616 0.1817293 2.1116764 2.1512753 1.5282494 1.5549093 0.3416336 0.0091396 0.0000000 0.0296910 0.0257973 0.1365919 0.1371578 0.1468774 0.1422192 0.1510337 0.1454013 0.0583323 0.1437592 0.1514775 0.1557293 1.5173611 1.5625213 1.5288997 1.5132483 1.5060427 1.5525569 1.5154322 1.5521542 0.0577947 0.0173375 0.1374600 0.0127018 0.0288169 0.0283372 0.1339301 0.0282970 0.0429495 0.0300780 0.0371024 0.1473667 0.1491331 0.1418004 0.1426887 0.1460680 0.1483548 0.1492163 0.1585908 0.1537419 0.1590719 0.1521226 0.1646691 8.9999986 2.5609227 8.9999989 0.1359926 0.1342226 0.1538468 0.1537101 2.4503962 2.9876139 1.9668715 2.8459235 3.1187795 2.8819856 2.2680518 1.5672892 1.5568718 1.5232230 1.4807433 1.4815179 1.4501618 1.4995440 1.5179311 1.4500414 1.5692097 1.5047553 1.5952752 1.5343931 0.3095923 0.2985664 0.3567076 0.3567076 
HG934194_DEU_2003 0.0402606 0.0224815 0.1460710 1.4929849 1.5064066 1.5314308 1.8686960 1.9109805 0.1989076 0.2001065 2.0547917 2.0927255 1.4752642 1.5064122 0.3345065 0.0302005 0.0296910 0.0000000 0.0253649 0.1485979 0.1491642 0.1607400 0.1559041 0.1696701 0.1590164 0.0716853 0.1631600 0.1702971 0.1728234 1.5037111 1.5487239 1.5396704 1.5237954 1.5164923 1.5365000 1.5260799 1.5383981 0.0760883 0.0352517 0.1523395 0.0253176 0.0467237 0.0462111 0.1474493 0.0278636 0.0532343 0.0296475 0.0372093 0.1612924 0.1630682 0.1597387 0.1636350 0.1656870 0.1654474 0.1643124 0.1775120 0.1734048 0.1790402 0.1674580 0.1753770 8.9999989 2.5870729 8.9999989 0.1479241 0.1444490 0.1680263 0.1693152 2.3809022 2.9713607 1.9623011 2.8195943 2.9286179 2.9273701 2.2865498 1.5081681 1.5162269 1.4837539 1.4908199 1.4916360 1.4597710 1.5099625 1.5528870 1.4849824 1.5805845 1.5395160 1.5786768 1.5207938 0.3188179 0.3076234 0.3459197 0.3459197 
HG934193_DEU_2003 0.0361742 0.0095537 0.1453269 1.5309441 1.5447441 1.5828224 1.9033382 1.9467442 0.1851416 0.1862334 1.9798028 2.0160152 1.5327825 1.5382508 0.3243765 0.0262954 0.0257973 0.0253649 0.0000000 0.1478344 0.1483977 0.1604453 0.1556220 0.1661941 0.1604162 0.0693225 0.1586267 0.1702740 0.1678826 1.5119076 1.5543512 1.5234314 1.5078374 1.4752120 1.5203950 1.5099783 1.5220634 0.0690405 0.0312470 0.1509318 0.0215027 0.0435265 0.0430200 0.1436893 0.0253677 0.0532340 0.0248113 0.0346189 0.1624167 0.1641882 0.1566304 0.1590632 0.1625261 0.1654261 0.1625897 0.1705601 0.1722358 0.1778646 0.1677287 0.1771270 8.9999990 2.6041644 8.9999987 0.1488036 0.1439570 0.1645508 0.1658336 2.4107464 2.9963392 1.8842362 2.8814142 2.9752789 2.9212019 2.2380464 1.5583578 1.5790098 1.5444682 1.4735932 1.4743381 1.4433789 1.4921300 1.5609007 1.4678522 1.5885981 1.5476059 1.6656137 1.5836114 0.2931451 0.2822936 0.3472916 0.3472916 
HG934206_DEU_2004 0.1416867 0.1497442 0.0104731 1.4700704 1.4831452 1.6353059 1.7704748 1.7816420 0.0849811 0.0854181 1.9747171 2.0403020 1.6503652 1.6615710 0.2935901 0.1394958 0.1365919 0.1485979 0.1478344 0.0000000 0.0069325 0.1511405 0.1532017 0.1506240 0.1532010 0.1568884 0.1476945 0.1576419 0.1536428 1.4153300 1.4436236 1.4039149 1.4119579 1.3991119 1.4419119 1.4358893 1.4703671 0.1175708 0.1386271 0.1288816 0.1406924 0.1526889 0.1520341 0.0069227 0.1476912 0.1463038 0.1467521 0.1490550 0.1530764 0.1575456 0.1429097 0.1544239 0.1542930 0.1542147 0.1461107 0.1655729 0.1589205 0.1629546 0.1486195 0.1513774 8.9999988 2.4773676 8.9999989 0.0073629 0.0064959 0.1606009 0.1618987 2.4642454 2.9718073 1.9550513 2.8165266 2.9211081 2.8177714 2.1565785 1.4991929 1.4210041 1.4163275 1.3879701 1.3656869 1.3597842 1.3816372 1.4013715 1.3596774 1.4411586 1.4105165 1.4870727 1.4046693 0.2478715 0.2415347 0.3176159 0.3176159 
HG934205_DEU_2004 0.1422527 0.1503089 0.0095808 1.4628539 1.4757944 1.6657426 1.7523268 1.7630892 0.0761605 0.0765436 1.9516370 2.0164965 1.6611027 1.6855607 0.2985201 0.1400616 0.1371578 0.1491642 0.1483977 0.0069325 0.0000000 0.1517081 0.1537681 0.1511926 0.1551940 0.1591304 0.1482608 0.1570743 0.1547854 1.4000637 1.4523233 1.3997387 1.4077722 1.4073433 1.4505846 1.4315630 1.4658641 0.1189698 0.1391955 0.1280926 0.1398805 0.1532563 0.1526020 0.0051722 0.1482602 0.1498537 0.1487128 0.1540902 0.1522256 0.1566846 0.1434779 0.1549921 0.1548636 0.1533593 0.1472467 0.1661466 0.1580519 0.1635280 0.1477748 0.1498177 8.9999989 2.4539897 8.9999986 0.0064836 0.0056184 0.1611713 0.1624679 2.4980926 2.9200724 1.9224179 2.8074638 3.0225426 2.9152882 2.1757385 1.5414612 1.4294638 1.4247913 1.3731239 1.3511668 1.3453237 1.3668619 1.3864932 1.3452189 1.4256671 1.3954268 1.4962830 1.4129875 0.2475938 0.2413447 0.3230779 0.3230779 
HG934211_DEU_2005 0.1516587 0.1531547 0.1537752 1.6269997 1.6422668 1.6864867 1.8256656 1.8008590 0.1705266 0.1715484 1.8231998 1.8816699 1.6699633 1.6844196 0.3129845 0.1503217 0.1468774 0.1607400 0.1604453 0.1511405 0.1517081 0.0000000 0.0100309 0.0272750 0.0182383 0.1786133 0.0286440 0.0446740 0.0282587 1.4805591 1.5370764 1.4453509 1.4078482 1.4597163 1.5053160 1.4319925 1.4668055 0.1245133 0.1508885 0.0502625 0.1457133 0.1567004 0.1560494 0.1511266 0.1584558 0.1654502 0.1575500 0.1582582 0.0118423 0.0154447 0.0214751 0.0306178 0.0253981 0.0360914 0.0302337 0.0461286 0.0412367 0.0434531 0.0424664 0.0430514 8.9999987 2.5309043 8.9999989 0.1476449 0.1506759 0.0225143 0.0225031 2.4275460 2.9819717 1.9574987 2.7641931 3.0450276 2.9068433 2.3576998 1.6292298 1.4811056 1.4284135 1.4816537 1.4570036 1.4506228 1.4747677 1.4717840 1.4505006 1.5074932 1.4338548 1.5144357 1.4391869 0.2605625 0.2709976 0.3402680 0.3402680 
HG934214_DEU_2006 0.1482979 0.1484101 0.1558377 1.5759847 1.5904819 1.6196612 1.8333300 1.8084482 0.1731139 0.1741524 1.8402120 1.8996884 1.6411642 1.6161188 0.3228727 0.1456062 0.1422192 0.1559041 0.1556220 0.1532017 0.1537681 0.0100309 0.0000000 0.0306437 0.0177400 0.1749507 0.0320205 0.0446611 0.0316430 1.4635894 1.5440032 1.4517981 1.4141450 1.4662744 1.5120843 1.4384273 1.4733940 0.1220970 0.1461475 0.0486248 0.1438019 0.1518955 0.1512477 0.1531769 0.1536204 0.1605061 0.1541525 0.1548237 0.0145365 0.0186466 0.0247569 0.0344841 0.0287487 0.0405737 0.0336458 0.0497613 0.0447879 0.0470465 0.0460507 0.0482102 8.9999987 2.5625334 8.9999989 0.1496887 0.1527190 0.0229361 0.0229247 2.4537783 2.9068636 1.9678097 2.6990230 3.0787411 2.9387559 2.3421631 1.6292298 1.4877208 1.4595924 1.4883154 1.4635327 1.4571267 1.4813986 1.4783380 1.4570036 1.5142088 1.4402439 1.5483728 1.4705899 0.2643553 0.2749153 0.3478266 0.3478266 
HG934240_DEU_2007 0.1544877 0.1588110 0.1546790 1.6167644 1.6318825 1.6973431 1.8197091 1.7949319 0.1566884 0.1576145 1.9025516 1.9647616 1.6373566 1.6482817 0.3244812 0.1559442 0.1510337 0.1696701 0.1661941 0.1506240 0.1511926 0.0272750 0.0306437 0.0000000 0.0356742 0.1824866 0.0200819 0.0436206 0.0301800 1.5110887 1.5070615 1.4632627 1.4253075 1.4297944 1.4741066 1.4498602 1.4851240 0.1300132 0.1544160 0.0546052 0.1512629 0.1592991 0.1603456 0.1506128 0.1610728 0.1738440 0.1618410 0.1686598 0.0302267 0.0321925 0.0113676 0.0205206 0.0168988 0.0282719 0.0215979 0.0337981 0.0292092 0.0322515 0.0465572 0.0498213 8.9999983 2.4505708 8.9999990 0.1471285 0.1501634 0.0382902 0.0372672 2.3620001 2.9602732 1.9573137 2.7825065 3.0231792 2.8863313 2.3328277 1.6613141 1.4757841 1.5192220 1.4528169 1.4517661 1.4225189 1.4460718 1.4900091 1.4224011 1.5261777 1.4515969 1.5608253 1.4822688 0.2775129 0.2879775 0.3619490 0.3619490 
HG934239_DEU_2007 0.1530026 0.1530933 0.1572766 1.6170769 1.6321709 1.6756672 1.8258435 1.7966836 0.1873935 0.1885307 1.9112154 1.9734068 1.6556435 1.6656278 0.3230940 0.1488474 0.1454013 0.1590164 0.1604162 0.1532010 0.1551940 0.0182383 0.0177400 0.0356742 0.0000000 0.1779231 0.0345585 0.0505489 0.0377000 1.4806862 1.5621766 1.4803847 1.4419559 1.5074572 1.5546683 1.4419559 1.5026552 0.1317236 0.1494094 0.0551751 0.1470097 0.1552354 0.1545816 0.1545928 0.1598458 0.1661687 0.1575080 0.1576752 0.0201093 0.0243220 0.0286682 0.0395887 0.0347327 0.0448031 0.0377513 0.0546339 0.0491119 0.0513756 0.0515339 0.0558978 8.9999981 2.5032358 8.9999988 0.1527542 0.1541273 0.0287772 0.0287623 2.5167715 2.9458949 1.9548038 2.7332065 3.0847713 2.9863304 2.3539636 1.6260213 1.5292945 1.5005750 1.5325373 1.5066499 1.5000121 1.5253500 1.4955041 1.4998810 1.5076239 1.4569250 1.5667045 1.4877647 0.2726049 0.2831175 0.3490796 0.3490796 
HG934246_DEU_2008 0.0658100 0.0692415 0.1559097 1.5691445 1.5610975 1.6606384 2.0431427 2.0786782 0.1919111 0.1930557 2.1345322 2.2065174 1.5500978 1.5735015 0.3277551 0.0577734 0.0583323 0.0716853 0.0693225 0.1568884 0.1591304 0.1786133 0.1749507 0.1824866 0.1779231 0.0000000 0.1791964 0.1874542 0.1870463 1.6359999 1.6817997 1.6877065 1.6704256 1.6202058 1.6702916 1.6739692 1.6875050 0.0924708 0.0541387 0.1693878 0.0587995 0.0606368 0.0612699 0.1587785 0.0720154 0.0292431 0.0773990 0.0751631 0.1759698 0.1795793 0.1738483 0.1754625 0.1783294 0.1821706 0.1798770 0.1873449 0.1844691 0.1904073 0.1776890 0.1898549 8.9999990 2.4974458 8.9999990 0.1578084 0.1558651 0.1786817 0.1785131 2.4181334 3.0849489 1.9709599 3.0444490 3.1834535 2.9809396 2.3710764 1.5654972 1.6757418 1.6386658 1.6214212 1.6227369 1.5872308 1.6431134 1.6611448 1.5870867 1.7050471 1.6476143 1.6896652 1.6244028 0.3054994 0.3005812 0.3551804 0.3551804 
HG934245_DEU_2008 0.1501273 0.1513727 0.1517163 1.5759847 1.5904819 1.6740649 1.8086759 1.8105959 0.1648363 0.1658181 1.8869176 1.9483333 1.6204730 1.6717205 0.3184897 0.1485534 0.1437592 0.1631600 0.1586267 0.1476945 0.1482608 0.0286440 0.0320205 0.0200819 0.0345585 0.1791964 0.0000000 0.0450932 0.0315880 1.4743328 1.5181689 1.4280797 1.3911585 1.4420908 1.4869470 1.4148189 1.4490651 0.1288777 0.1491100 0.0593364 0.1453502 0.1532270 0.1542430 0.1476985 0.1538110 0.1686241 0.1543428 0.1621202 0.0306037 0.0325651 0.0126943 0.0209723 0.0173325 0.0267618 0.0220130 0.0352633 0.0296744 0.0317422 0.0459643 0.0513130 8.9999984 2.5089738 8.9999989 0.1444870 0.1472622 0.0396944 0.0376677 2.3926369 2.9242769 2.0074059 2.7989134 3.0416372 2.9329359 2.3765969 1.6173373 1.4886540 1.4821416 1.4636569 1.4643801 1.4331772 1.4823144 1.4541163 1.4578277 1.4658587 1.4167942 1.5223096 1.4463775 0.2927232 0.3032337 0.3523648 0.3523648 
HG934263_DEU_2010 0.1602670 0.1596054 0.1600463 1.5841185 1.5987885 1.6712323 1.7963652 1.7719591 0.1535810 0.1545129 1.8523298 1.9126496 1.6531509 1.7170577 0.3244159 0.1535905 0.1514775 0.1702971 0.1702740 0.1576419 0.1570743 0.0446740 0.0446611 0.0436206 0.0505489 0.1874542 0.0450932 0.0000000 0.0420336 1.4519142 1.4947991 1.4290587 1.3922767 1.3795644 1.4219469 1.4158537 1.4499747 0.1347859 0.1584750 0.0680497 0.1576492 0.1641456 0.1652246 0.1575930 0.1659767 0.1804597 0.1613916 0.1663583 0.0467986 0.0500202 0.0363109 0.0465750 0.0416297 0.0510071 0.0457563 0.0596537 0.0543774 0.0578746 0.0588750 0.0636899 8.9999985 2.4904328 8.9999988 0.1523385 0.1571114 0.0543987 0.0532967 2.3033947 2.8611528 2.0126646 2.6941678 2.9579258 2.8073038 2.4314700 1.6571316 1.4235018 1.4415257 1.4414055 1.4177759 1.4116051 1.4347621 1.4322696 1.4114898 1.4667006 1.3957032 1.4801522 1.4070640 0.2728142 0.2836855 0.3614788 0.3614788 
HG934262_DEU_2010 0.1578344 0.1604706 0.1583034 1.5206209 1.5343872 1.6662276 1.8180439 1.7932202 0.1639974 0.1649861 1.8391451 1.8989003 1.6138423 1.6747943 0.3286170 0.1592843 0.1557293 0.1728234 0.1678826 0.1536428 0.1547854 0.0282587 0.0316430 0.0301800 0.0377000 0.1870463 0.0315880 0.0420336 0.0000000 1.5088051 1.5461084 1.4609373 1.4229402 1.4436264 1.4882337 1.4475040 1.4828063 0.1314039 0.1599008 0.0553132 0.1573821 0.1641109 0.1651791 0.1541848 0.1670800 0.1779617 0.1675354 0.1753801 0.0322042 0.0351756 0.0224188 0.0330387 0.0282861 0.0381932 0.0316637 0.0461528 0.0422717 0.0455327 0.0476964 0.0456012 8.9999981 2.3926909 8.9999989 0.1506665 0.1537198 0.0392519 0.0382259 2.3937501 2.9240754 2.0410095 2.7497084 2.9250597 2.7368992 2.3291308 1.5681674 1.4899317 1.5093782 1.4978805 1.4728281 1.4663646 1.4908971 1.4877167 1.4662396 1.5239292 1.4492620 1.5504797 1.4728429 0.2732575 0.2838406 0.3559496 0.3559496 
KX212442_DEU_2014 1.5656618 1.5438819 1.3831133 1.4388432 1.4388432 1.5940038 0.0623645 0.0600545 1.5229299 1.5229299 2.0067218 2.0139238 1.5875381 1.7176962 1.5968772 1.5305846 1.5173611 1.5037111 1.5119076 1.4153300 1.4000637 1.4805591 1.4635894 1.5110887 1.4806862 1.6359999 1.4743328 1.4519142 1.5088051 0.0000000 0.0578561 0.0579778 0.0576345 0.0623284 0.0677843 0.0646182 0.0623670 1.4628158 1.5398131 1.4830522 1.5305846 1.5644299 1.5508356 1.3891095 1.5052029 1.5660850 1.6110041 1.5580743 1.4617865 1.4616633 1.4870715 1.5202939 1.4870715 1.4566802 1.5158473 1.4435081 1.4092857 1.4094023 1.4782701 1.4889471 8.9999990 2.5574839 8.9999986 1.4111118 1.3891095 1.4851580 1.4731994 0.9488077 2.8385398 1.9043847 2.8782834 2.5379308 2.7671943 2.0117149 1.7376807 0.0744419 0.0648785 0.0463438 0.0508991 0.0509134 0.0531687 0.0181240 0.0624171 0.0200232 0.0218989 0.0659106 0.0696567 1.6366417 1.6562629 1.7313795 1.7313795 
KX212435_DEU_2014 1.6121861 1.5497910 1.4343292 1.4192879 1.4192879 1.5478160 0.0691193 0.0690362 1.5212377 1.5212377 2.1594365 2.1304409 1.4883287 1.5752558 1.5805905 1.5763644 1.5625213 1.5487239 1.5543512 1.4436236 1.4523233 1.5370764 1.5440032 1.5070615 1.5621766 1.6817997 1.5181689 1.4947991 1.5461084 0.0578561 0.0000000 0.0714945 0.0681937 0.0333210 0.0377394 0.0753812 0.0730844 1.4470484 1.6202121 1.5277569 1.5763644 1.6373184 1.6227369 1.4409031 1.5253545 1.5845759 1.5912094 1.5595716 1.5171231 1.5169904 1.5314894 1.5407805 1.5314894 1.4997643 1.5406308 1.5104979 1.4749247 1.4750520 1.5465494 1.5190880 8.9999987 2.5283588 8.9999983 1.4638426 1.4409031 1.5677621 1.5550529 0.9283678 2.7435553 1.8237907 2.8054024 2.4250030 2.6065841 2.1226843 1.6258517 0.0617338 0.0546530 0.0396007 0.0481261 0.0439649 0.0461272 0.0529798 0.0549940 0.0595570 0.0572920 0.0669241 0.0616299 1.6352640 1.6547849 1.7754383 1.7754383 
KX212480_DNK_2014 1.6022928 1.5431919 1.3659133 1.6186374 1.6186374 1.6777672 0.0529287 0.0528665 1.4991526 1.4991526 1.9632508 1.9703577 1.6088687 1.6597251 1.5955701 1.5421908 1.5288997 1.5396704 1.5234314 1.4039149 1.3997387 1.4453509 1.4517981 1.4632627 1.4803847 1.6877065 1.4280797 1.4290587 1.4609373 0.0579778 0.0714945 0.0000000 0.0052642 0.0643540 0.0698467 0.0106809 0.0125068 1.4743984 1.6014640 1.4847127 1.5669282 1.6269516 1.6126411 1.3887527 1.5167109 1.6159442 1.6098599 1.5780382 1.4273666 1.4272494 1.4401883 1.4722776 1.4401883 1.4112587 1.4817575 1.3983141 1.3651129 1.3652226 1.4663636 1.5005700 8.9999984 2.6880852 8.9999990 1.4108179 1.3887527 1.4729388 1.4611517 0.9541083 2.9856337 1.8985046 3.0568343 2.3147068 2.4840559 2.0837563 1.7649891 0.0714735 0.0691993 0.0464088 0.0553012 0.0507543 0.0576153 0.0513467 0.0625064 0.0579557 0.0556808 0.0826090 0.0671145 1.6616190 1.6557777 1.7141468 1.7141468 
KX212479_DNK_2014 1.5860199 1.5272979 1.3907373 1.5514966 1.5514966 1.6637764 0.0545824 0.0545188 1.5070266 1.5070266 1.9708477 1.9779343 1.5957082 1.6743480 1.6289547 1.5263558 1.5132483 1.5237954 1.5078374 1.4119579 1.4077722 1.4078482 1.4141450 1.4253075 1.4419559 1.6704256 1.3911585 1.3922767 1.4229402 0.0576345 0.0681937 0.0052642 0.0000000 0.0612367 0.0665547 0.0087672 0.0105584 1.4590457 1.5850767 1.4456021 1.5508413 1.6103164 1.5962073 1.3967940 1.5011834 1.5993633 1.5932954 1.5616735 1.3905639 1.3904518 1.4028455 1.4342285 1.4028455 1.3749035 1.4548838 1.3620825 1.3508719 1.3509799 1.4286199 1.4613895 8.9999982 2.7311877 8.9999986 1.4188429 1.3967940 1.4343384 1.4228660 0.9781590 2.9814529 1.9310624 2.9970400 2.2797537 2.4459214 2.0287855 1.7492508 0.0681741 0.0659526 0.0437261 0.0524014 0.0479697 0.0546560 0.0485139 0.0594102 0.0549708 0.0527511 0.0789617 0.0639068 1.6691886 1.6633755 1.7217755 1.7217755 
KX212433_ESP_2013 1.5538580 1.4704524 1.3902270 1.4008621 1.4008621 1.4904042 0.0760679 0.0759758 1.4703266 1.4703266 2.0475548 2.0547877 1.4542353 1.5384629 1.5273326 1.5190722 1.5060427 1.5164923 1.4752120 1.3991119 1.4073433 1.4597163 1.4662744 1.4297944 1.5074572 1.6202058 1.4420908 1.3795644 1.4436264 0.0623284 0.0333210 0.0643540 0.0612367 0.0000000 0.0034945 0.0637433 0.0615290 1.3936450 1.5607041 1.4270043 1.5190722 1.5774394 1.5637269 1.3963098 1.4705763 1.5273141 1.5334787 1.5028732 1.4413251 1.4412049 1.4297944 1.4617115 1.4297944 1.4249338 1.4874872 1.4104147 1.3769771 1.3770885 1.4674240 1.4410847 8.9999987 2.5671220 8.9999982 1.3963098 1.3963098 1.4879582 1.4759502 0.9156186 2.8448560 1.8652009 2.9102979 2.2883006 2.3933647 1.9614858 1.6167478 0.0484816 0.0461777 0.0436991 0.0523694 0.0437873 0.0503532 0.0573459 0.0593738 0.0640128 0.0617131 0.0533057 0.0484069 1.5808230 1.5994829 1.7373746 1.7373746 
KX212432_ESP_2013 1.6016273 1.5157639 1.4326432 1.4466373 1.4466373 1.5106524 0.0819516 0.0818500 1.5149617 1.5149617 2.0869911 2.0943565 1.5017241 1.5880328 1.5732865 1.5661793 1.5525569 1.5365000 1.5203950 1.4419119 1.4505846 1.5053160 1.5120843 1.4741066 1.5546683 1.6702916 1.4869470 1.4219469 1.4882337 0.0677843 0.0377394 0.0698467 0.0665547 0.0034945 0.0000000 0.0691656 0.0668851 1.4368894 1.6093943 1.4466180 1.5661793 1.6263468 1.6119994 1.4391909 1.5158954 1.5743530 1.5808674 1.5495814 1.4860207 1.4858933 1.4741066 1.5069077 1.4741066 1.4690694 1.5333441 1.4540969 1.4198624 1.4199800 1.5126297 1.4857660 8.9999983 2.6360134 8.9999981 1.4391909 1.4391909 1.5156749 1.5034285 0.9336226 2.8745944 1.9241718 2.9408135 2.2834184 2.3875296 2.0229288 1.6697249 0.0534446 0.0510495 0.0484505 0.0574059 0.0485522 0.0553431 0.0626010 0.0646724 0.0694704 0.0670955 0.0584659 0.0533584 1.6278172 1.6472317 1.7909988 1.7909988 
KX212482_ESP_2014 1.5887842 1.5296083 1.4139777 1.5590706 1.5590706 1.7004830 0.0613700 0.0566683 1.5573574 1.5573574 2.0118577 2.0191300 1.6315486 1.6824234 1.6583461 1.5286514 1.5154322 1.5260799 1.5099783 1.4358893 1.4315630 1.4319925 1.4384273 1.4498602 1.4419559 1.6739692 1.4148189 1.4158537 1.4475040 0.0646182 0.0753812 0.0106809 0.0087672 0.0637433 0.0691656 0.0000000 0.0087672 1.4608470 1.5878540 1.4710434 1.5533375 1.6133114 1.5990691 1.4203229 1.5032725 1.6022726 1.5961597 1.5367587 1.4141450 1.4140289 1.4268527 1.4589016 1.4268527 1.3980968 1.4801213 1.3851152 1.3519465 1.3296209 1.4530568 1.4869879 8.9999987 2.7506027 8.9999986 1.4428993 1.4203229 1.4593721 1.4476170 0.9702418 2.9273946 1.9181589 2.9966078 2.2909100 2.4582125 2.0384348 1.7578827 0.0753591 0.0730844 0.0501866 0.0591303 0.0545536 0.0614591 0.0551971 0.0663913 0.0618242 0.0595401 0.0865870 0.0710101 1.6990028 1.6931144 1.7217755 1.7217755 
KX212481_ESP_2014 1.6014640 1.5419442 1.4476107 1.5817911 1.5817911 1.6963404 0.0635763 0.0635016 1.5696787 1.5696787 1.9974561 2.0046368 1.6236309 1.7032814 1.6716476 1.5658438 1.5521542 1.5383981 1.5220634 1.4703671 1.4658641 1.4668055 1.4733940 1.4851240 1.5026552 1.6875050 1.4490651 1.4499747 1.4828063 0.0623670 0.0730844 0.0125068 0.0105584 0.0615290 0.0668851 0.0087672 0.0000000 1.4727002 1.6006229 1.5074353 1.5658438 1.6262943 1.6118829 1.4543327 1.5153000 1.6152046 1.6090742 1.5770197 1.4482751 1.4481538 1.4615136 1.4942668 1.4615136 1.4317916 1.5161212 1.4186839 1.3848761 1.3849894 1.4881271 1.5234552 8.9999989 2.7848483 8.9999990 1.4774942 1.4543327 1.4952550 1.4831902 0.9836033 2.9273946 1.9310624 2.9966078 2.2719790 2.4792992 2.0552082 1.7849839 0.0730630 0.0708011 0.0523047 0.0613216 0.0567050 0.0636706 0.0573813 0.0686523 0.0640521 0.0617510 0.0841709 0.0687321 1.7123695 1.7064648 1.7962467 1.7962467 
HG934168_FRA_1994 0.0579402 0.0633557 0.1174463 1.5570089 1.5711596 1.6590764 1.7692208 1.7974036 0.1506308 0.1514970 1.9379954 2.0019870 1.5988178 1.5676436 0.3179553 0.0600065 0.0577947 0.0760883 0.0690405 0.1175708 0.1189698 0.1245133 0.1220970 0.1300132 0.1317236 0.0924708 0.1288777 0.1347859 0.1314039 1.4628158 1.4470484 1.4743984 1.4590457 1.3936450 1.4368894 1.4608470 1.4727002 0.0000000 0.0558474 0.1187286 0.0577200 0.0700873 0.0695360 0.1172470 0.0733942 0.0790315 0.0695710 0.0778455 0.1271152 0.1317767 0.1214603 0.1268537 0.1284426 0.1329956 0.1349194 0.1401333 0.1393308 0.1430163 0.1402349 0.1402866 8.9999986 2.5071923 8.9999981 0.1205378 0.1188783 0.1385160 0.1383969 2.3649450 3.0471610 2.0619684 2.9457242 3.0873235 2.9553349 2.1658858 1.5393393 1.4172427 1.3873082 1.4158489 1.4164167 1.3863830 1.4336522 1.4524700 1.3862702 1.5138696 1.4392897 1.4706529 1.3758844 0.2760584 0.2714517 0.3443647 0.3443647 
HG934169_FRA_1999 0.0225212 0.0282794 0.1361731 1.5568994 1.5712076 1.6741719 1.8964367 1.9685999 0.1820709 0.1831578 2.1311291 2.1711774 1.5270273 1.5690820 0.3280617 0.0178126 0.0173375 0.0352517 0.0312470 0.1386271 0.1391955 0.1508885 0.1461475 0.1544160 0.1494094 0.0541387 0.1491100 0.1584750 0.1599008 1.5398131 1.6202121 1.6014640 1.5850767 1.5607041 1.6093943 1.5878540 1.6006229 0.0558474 0.0000000 0.1383357 0.0159437 0.0293945 0.0289124 0.1373037 0.0338319 0.0395209 0.0376543 0.0438823 0.1528088 0.1531808 0.1457320 0.1494692 0.1507903 0.1528110 0.1532696 0.1643269 0.1593218 0.1647805 0.1545673 0.1690170 8.9999984 2.5544809 8.9999980 0.1380128 0.1362220 0.1563020 0.1561615 2.3874837 3.0287963 1.9396928 2.9092274 3.0494810 2.9108343 2.2935236 1.5589789 1.6055810 1.5704523 1.5509735 1.5520068 1.5186253 1.5711986 1.5645444 1.5184937 1.6178467 1.5512425 1.6452662 1.5818503 0.3055489 0.2944456 0.3518282 0.3518282 
HG934176_FRA_2000 0.1390747 0.1451678 0.1328232 1.5195963 1.5333127 1.5440146 1.8594172 1.8618316 0.1693552 0.1703786 1.8630588 1.9238096 1.5965106 1.6064129 0.3184876 0.1405559 0.1374600 0.1523395 0.1509318 0.1288816 0.1280926 0.0502625 0.0486248 0.0546052 0.0551751 0.1693878 0.0593364 0.0680497 0.0553132 1.4830522 1.5277569 1.4847127 1.4456021 1.4270043 1.4466180 1.4710434 1.5074353 0.1187286 0.1383357 0.0000000 0.1403760 0.1483627 0.1477188 0.1289797 0.1522920 0.1558445 0.1489803 0.1582688 0.0524861 0.0572680 0.0512461 0.0627097 0.0591228 0.0691191 0.0624623 0.0749753 0.0708627 0.0746247 0.0694631 0.0696647 8.9999984 2.4519231 8.9999987 0.1271754 0.1286107 0.0614027 0.0624596 2.4355494 2.9299322 2.0218526 2.8305546 3.0133733 2.7204208 2.2786938 1.5729440 1.4482541 1.4910295 1.4485735 1.4475296 1.4428118 1.4417865 1.4860367 1.4179900 1.5224463 1.4473847 1.5375639 1.4545687 0.2672505 0.2686266 0.3430000 0.3430000 
HG934175_FRA_2000 0.0214921 0.0186790 0.1382372 1.5547481 1.5690978 1.6403318 1.8434068 1.9124226 0.1826330 0.1837094 2.0634797 2.1018210 1.5082158 1.5613545 0.3296395 0.0140651 0.0127018 0.0253176 0.0215027 0.1406924 0.1398805 0.1457133 0.1438019 0.1512629 0.1470097 0.0587995 0.1453502 0.1576492 0.1573821 1.5305846 1.5763644 1.5669282 1.5508413 1.5190722 1.5661793 1.5533375 1.5658438 0.0577200 0.0159437 0.1403760 0.0000000 0.0292976 0.0288172 0.1366296 0.0248903 0.0413695 0.0276432 0.0345857 0.1475885 0.1493577 0.1433852 0.1456763 0.1490731 0.1514811 0.1508352 0.1602797 0.1539776 0.1607522 0.1523558 0.1646415 8.9999990 2.5185934 8.9999984 0.1400694 0.1382765 0.1540827 0.1539455 2.4337960 3.0527232 1.9199993 2.8539211 3.0615872 2.9103421 2.3119978 1.5311125 1.5706419 1.5364702 1.5173926 1.5183023 1.4857955 1.5369967 1.5553582 1.4856690 1.6084341 1.5420360 1.6095351 1.5477410 0.3177335 0.3066335 0.3561826 0.3561826 
HG934195_FRA_2003 0.0393825 0.0393685 0.1501233 1.5513850 1.5656035 1.6572750 1.9295535 2.0040750 0.2088273 0.2074041 2.1612179 2.2019652 1.5391456 1.5941350 0.3313343 0.0303278 0.0288169 0.0467237 0.0435265 0.1526889 0.1532563 0.1567004 0.1518955 0.1592991 0.1552354 0.0606368 0.1532270 0.1641456 0.1641109 1.5644299 1.6373184 1.6269516 1.6103164 1.5774394 1.6263468 1.6133114 1.6262943 0.0700873 0.0293945 0.1483627 0.0292976 0.0000000 0.0012802 0.1498538 0.0436586 0.0472512 0.0476435 0.0563178 0.1583860 0.1618607 0.1498367 0.1529133 0.1536711 0.1605573 0.1574252 0.1689214 0.1589620 0.1644030 0.1568930 0.1733138 8.9999982 2.6607128 8.9999990 0.1491767 0.1501073 0.1604959 0.1589243 2.3763527 2.9652786 1.9372329 2.8893303 3.0921839 2.9597179 2.2599518 1.5654845 1.6313870 1.5954876 1.5783746 1.5795220 1.5451264 1.5992910 1.6175465 1.5449893 1.6435944 1.6040333 1.6333161 1.6069949 0.3073714 0.2962325 0.3493737 0.3493737 
HG934190_FRA_2003 0.0388834 0.0388695 0.1494711 1.5408728 1.5549072 1.6454247 1.9127098 1.9859980 0.2055163 0.2040822 2.1422169 2.1823982 1.5299211 1.5827068 0.3334634 0.0298448 0.0283372 0.0462111 0.0430200 0.1520341 0.1526020 0.1560494 0.1512477 0.1603456 0.1545816 0.0612699 0.1542430 0.1652246 0.1651791 1.5508356 1.6227369 1.6126411 1.5962073 1.5637269 1.6119994 1.5990691 1.6118829 0.0695360 0.0289124 0.1477188 0.0288172 0.0012802 0.0000000 0.1492027 0.0431504 0.0467379 0.0471311 0.0557904 0.1577338 0.1612090 0.1508409 0.1539361 0.1546970 0.1616021 0.1584619 0.1700269 0.1600108 0.1654807 0.1579392 0.1726519 8.9999984 2.6390037 8.9999982 0.1485257 0.1494582 0.1615503 0.1599719 2.3566531 2.9383301 1.9218557 2.8640463 3.0640673 2.9330860 2.2415596 1.5542794 1.6168798 1.5815473 1.5645673 1.5656562 1.5317872 1.5851256 1.6033559 1.5316530 1.6290737 1.5899217 1.6186925 1.5929510 0.3032808 0.2921806 0.3516050 0.3516050 
