121
FJ868371_AUS_2006 0.0000000 0.1277493 0.0394946 0.0395337 0.0421434 0.0395336 0.0421856 0.0421481 0.0267398 0.0254805 0.1074125 0.1035248 1.4123086 1.4046338 0.1202775 0.1154095 0.1106059 0.1244685 1.3637509 0.4996797 0.9786445 0.4755190 0.0369065 0.0383124 0.9573259 0.9230580 1.1251132 0.0191581 0.0205198 0.4791645 0.0267604 2.7052410 0.7308679 1.2579839 0.4345670 1.3975517 0.5293272 0.5107856 2.3396811 0.7666802 0.4872812 0.0754122 0.0754122 1.8743371 1.6494169 0.4023442 2.4937610 2.3173754 0.1344998 0.1344998 0.1377606 0.1377606 0.1255434 0.1296923 0.1287734 0.1255515 0.1340211 0.1220308 0.0749670 0.0749670 0.0370580 0.0397297 0.0422772 0.0422772 0.0380204 0.0395042 2.6119279 1.3156051 1.8670537 1.3422552 1.5681567 0.6380067 0.8387019 1.5033610 1.5427074 1.5475736 1.5620746 1.9626791 0.3612911 1.5127150 2.1713812 2.2693565 2.4015636 2.4401673 1.2607474 1.2476549 1.0758714 2.0433434 0.0713146 0.0727255 2.4609099 2.4018905 1.4268135 1.3384181 0.4478026 0.7690612 1.8835837 0.5159338 1.3849482 1.3832870 0.8005374 1.3218192 0.7784009 1.2909947 0.0413043 0.0425093 0.1332110 0.1348069 0.1315844 0.1405394 0.0711959 0.0832605 0.0342981 0.0342981 0.0355822 0.0155455 0.0118014 0.0166870 0.0166564 0.0267746 0.0280234 
GU983190_BRA_1987 0.1277493 0.0000000 0.1165346 0.1135642 0.1120584 0.1154376 0.1140349 0.1107983 0.1273974 0.1289988 0.0506811 0.0496603 1.3306895 1.3370316 0.0881695 0.0762636 0.0777837 0.1008308 1.5080594 0.4539514 0.9616817 0.4755217 0.1134375 0.1154356 0.9265713 0.8644740 1.0362615 0.1344297 0.1403053 0.4791847 0.1298880 2.7134045 0.7525629 1.2327533 0.4163819 1.4396648 0.5230767 0.5236995 2.1578290 0.7623230 0.4867915 0.1412656 0.1412656 1.7543200 1.8194435 0.3732827 2.5991395 2.4832936 0.0046130 0.0046130 0.0022988 0.0022988 0.0486121 0.0481058 0.0513400 0.0540841 0.0547410 0.0458126 0.0989916 0.0989916 0.1245227 0.1280131 0.1284215 0.1284215 0.1390470 0.1409094 2.3827842 1.2853177 1.6793154 1.3897409 1.4224530 0.6686345 0.8058733 1.5051206 1.3790491 1.3825859 1.5280642 1.9658108 0.3452837 1.5433019 2.1531450 2.2486170 2.3779829 2.4206195 1.2218894 1.2159737 0.9941582 1.9496656 0.1544182 0.1561010 2.4264173 2.4045777 1.4402202 1.2789134 0.4316867 0.7721634 1.7118674 0.4559514 1.3029942 1.2784035 0.8072912 1.2116634 0.8449314 1.2370582 0.1394397 0.1388474 0.0700287 0.0728522 0.0686200 0.0760593 0.1024695 0.1126894 0.1102080 0.1102080 0.1086653 0.1398587 0.1326718 0.1431259 0.1427027 0.1364965 0.1380079 
GU983189_BRA_2003 0.0394946 0.1165346 0.0000000 0.0093733 0.0117566 0.0117570 0.0141689 0.0141578 0.0503358 0.0489960 0.0909805 0.0901177 1.3502876 1.3567523 0.1063213 0.0986268 0.0970178 0.1134899 1.3199102 0.4873899 0.9299165 0.4644779 0.0070005 0.0082021 0.9778784 0.9254315 1.1036039 0.0475267 0.0491755 0.4680162 0.0517353 2.6454949 0.7280680 1.2402933 0.4620888 1.4357148 0.5337507 0.4840289 2.2987306 0.7418423 0.4951190 0.0827860 0.0827860 1.8632288 1.8279002 0.4084712 2.5279753 2.3332980 0.1322821 0.1322821 0.1354791 0.1354791 0.1109714 0.1148657 0.1140834 0.1172096 0.1189091 0.1076233 0.0597129 0.0597129 0.0166370 0.0191084 0.0215344 0.0215344 0.0627230 0.0643000 2.5057326 1.2901343 1.7159199 1.3177663 1.5577578 0.6223421 0.8345536 1.5150040 1.4822136 1.4858117 1.5622639 1.9827331 0.3634787 1.4877407 2.1160972 2.2300785 2.2797185 2.3143023 1.2172970 1.2047194 1.0506332 2.1242220 0.0890244 0.0904909 2.4751790 2.4158378 1.4578017 1.3185555 0.4412965 0.7681425 1.8517363 0.5046097 1.3421122 1.3746136 0.7784261 1.2618556 0.7967760 1.2474725 0.0670837 0.0658954 0.1186331 0.1186260 0.1170619 0.1221539 0.0433484 0.0543606 0.0046471 0.0046471 0.0058188 0.0475743 0.0447481 0.0502277 0.0501210 0.0490761 0.0503864 
GU983188_BRA_2003 0.0395337 0.1135642 0.0093733 0.0000000 0.0141689 0.0141694 0.0166018 0.0165887 0.0503878 0.0490464 0.0848231 0.0839356 1.3503825 1.3568406 0.1128396 0.1050301 0.1033909 0.1202544 1.3433653 0.4944166 0.9256285 0.4591775 0.0093743 0.0105914 0.9736790 0.9379752 1.0985455 0.0475753 0.0492263 0.4626761 0.0517891 2.7186874 0.7204689 1.2622100 0.4642044 1.4257009 0.5457957 0.4880156 2.3129491 0.7398228 0.4991172 0.0889888 0.0889888 1.9137589 1.8575666 0.4230037 2.5294228 2.4200568 0.1294350 0.1294350 0.1326281 0.1326281 0.1109916 0.1148869 0.1141043 0.1172312 0.1189314 0.1076427 0.0597225 0.0597225 0.0166393 0.0191111 0.0215375 0.0215375 0.0627999 0.0643792 2.4872579 1.3086451 1.7233326 1.3251702 1.5653737 0.6404546 0.8537140 1.5073871 1.4662379 1.4698262 1.5458079 1.9596111 0.3708592 1.5222518 2.1327395 2.2277372 2.2658001 2.3001206 1.2389593 1.2261312 1.0542247 2.1154980 0.0920717 0.0935477 2.5213848 2.4608736 1.4374472 1.3356596 0.4513403 0.7646452 1.8598699 0.5072701 1.3370673 1.4024438 0.7739324 1.2844411 0.7868472 1.2697131 0.0656356 0.0659674 0.1187823 0.1187751 0.1172087 0.1257901 0.0460240 0.0571373 0.0070007 0.0070007 0.0081815 0.0476230 0.0447932 0.0502795 0.0501726 0.0491267 0.0504386 
GU983197_BRA_2004 0.0421434 0.1120584 0.0117566 0.0141689 0.0000000 0.0070006 0.0093740 0.0093669 0.0503857 0.0490444 0.0896656 0.0887961 1.3551608 1.3616391 0.1082737 0.1005304 0.0989093 0.1155290 1.3203483 0.4859936 0.9427672 0.4623586 0.0117578 0.0129895 0.9798262 0.9176436 1.1297481 0.0488933 0.0505567 0.4658887 0.0517869 2.7140633 0.7267540 1.2546407 0.4605254 1.4304491 0.5413479 0.4844430 2.3090709 0.7396296 0.5009528 0.0889842 0.0889842 1.8707213 1.8072600 0.4119459 2.5691531 2.3950927 0.1232077 0.1232077 0.1263684 0.1263684 0.1020993 0.1058849 0.1051736 0.1082625 0.1098050 0.0988137 0.0540603 0.0540603 0.0117867 0.0142142 0.0117876 0.0117876 0.0643759 0.0659602 2.4537007 1.3089344 1.7453296 1.3232883 1.5652730 0.6326240 0.8489964 1.5162296 1.4632987 1.4668850 1.5501858 1.9690276 0.3611651 1.5143565 2.0925934 2.2044639 2.2741927 2.3086596 1.2443788 1.2315158 1.0427482 2.0769412 0.0920669 0.0935427 2.5109253 2.4506702 1.4242608 1.3264500 0.4442787 0.7721392 1.8507479 0.5111766 1.3813200 1.4148632 0.7869657 1.2899908 0.7944571 1.2752097 0.0671568 0.0659644 0.1203979 0.1203906 0.1188221 0.1274243 0.0460222 0.0571348 0.0093662 0.0093662 0.0105549 0.0476211 0.0447914 0.0502774 0.0501705 0.0491247 0.0504365 
GU983196_BRA_2004 0.0395336 0.1154376 0.0117570 0.0141694 0.0070006 0.0000000 0.0093744 0.0093672 0.0503875 0.0490461 0.0898651 0.0889945 1.3755336 1.3820961 0.1085256 0.1007604 0.0991346 0.1158074 1.3286949 0.4916140 0.9387101 0.4671557 0.0117583 0.0129899 0.9736216 0.9122035 1.1162102 0.0502454 0.0519224 0.4707217 0.0517888 2.6559767 0.7195764 1.2675503 0.4597938 1.4315362 0.5443447 0.4934362 2.3052612 0.7464039 0.5053405 0.0889872 0.0889872 1.8403606 1.8001255 0.4176599 2.5065957 2.4288658 0.1234944 0.1234944 0.1266638 0.1266638 0.0990464 0.1027930 0.1021062 0.1051807 0.1066693 0.0957839 0.0568249 0.0568249 0.0141919 0.0166394 0.0141930 0.0141930 0.0643785 0.0659628 2.4932804 1.3019124 1.7452001 1.3096080 1.5651740 0.6336344 0.8633369 1.5477005 1.4760251 1.4796210 1.5664668 1.9187833 0.3642243 1.4594639 2.1196043 2.2338176 2.2033578 2.2365205 1.2572662 1.2442564 1.0488678 2.0655096 0.0920700 0.0935459 2.4861306 2.4265386 1.4253401 1.3347781 0.4436974 0.7592536 1.8607957 0.5091128 1.3748656 1.4082231 0.7815272 1.3034190 0.7953404 1.2884357 0.0671592 0.0631743 0.1206870 0.1206796 0.1191066 0.1277354 0.0460238 0.0571368 0.0093665 0.0093665 0.0105552 0.0476228 0.0447930 0.0502792 0.0501723 0.0479155 0.0504383 
GU983203_BRA_2005 0.0421856 0.1140349 0.0141689 0.0166018 0.0093740 0.0093744 0.0000000 0.0023160 0.0531342 0.0517831 0.0884991 0.0876211 1.3801357 1.3867219 0.1068908 0.1024144 0.1007800 0.1141103 1.3459893 0.4871190 0.9408753 0.4518285 0.0141703 0.0154179 0.9880652 0.9244636 1.1272632 0.0501993 0.0518742 0.4552710 0.0572766 2.6962811 0.7362333 1.2656873 0.4460113 1.4363786 0.5409811 0.4840718 2.3013391 0.7539221 0.4959672 0.0920803 0.0920803 1.8686375 1.7762006 0.4067765 2.5949455 2.3697490 0.1238360 0.1238360 0.1270161 0.1270161 0.1026035 0.1064154 0.1056963 0.1088037 0.1103639 0.0992972 0.0654972 0.0654972 0.0240498 0.0265872 0.0240516 0.0240516 0.0692249 0.0708267 2.5519813 1.3148171 1.7661693 1.3098104 1.5782266 0.6348600 0.8610200 1.5192009 1.4881871 1.4917944 1.5628192 1.9253768 0.3708761 1.4807870 2.1095751 2.2230282 2.2925457 2.3273551 1.2385599 1.2257722 1.0508526 2.0809687 0.0951374 0.0966227 2.5450773 2.4839228 1.4166795 1.3402599 0.4380559 0.7766520 1.8566649 0.5123068 1.3730627 1.4064079 0.7903057 1.2910361 0.7932502 1.2692159 0.0700074 0.0659023 0.1158506 0.1158437 0.1142828 0.1228162 0.0487200 0.0599344 0.0117583 0.0117583 0.0129560 0.0503460 0.0474850 0.0530212 0.0529072 0.0545821 0.0559077 
GU983202_BRA_2005 0.0421481 0.1107983 0.0141578 0.0165887 0.0093669 0.0093672 0.0023160 0.0000000 0.0503914 0.0490499 0.0854574 0.0845667 1.3837086 1.3903132 0.1100912 0.1023030 0.1006709 0.1174276 1.3441070 0.4879243 0.9280095 0.4596788 0.0141592 0.0154057 0.9861671 0.9115260 1.1121343 0.0529359 0.0546392 0.4631841 0.0544996 2.6918549 0.7272281 1.2559118 0.4541788 1.4254671 0.5418155 0.4848596 2.2788643 0.7448183 0.4967596 0.0889950 0.0889950 1.8443675 1.7684566 0.3998622 2.5614105 2.3399515 0.1204040 0.1204040 0.1235616 0.1235616 0.0993082 0.1030688 0.1023779 0.1054624 0.1069602 0.0960346 0.0625464 0.0625464 0.0215375 0.0240498 0.0215390 0.0215390 0.0659662 0.0675558 2.5198297 1.2943426 1.7524522 1.3132057 1.5597500 0.6252554 0.8527156 1.5386342 1.4860205 1.4896244 1.5670855 1.9309143 0.3701928 1.4658437 2.0853367 2.1966341 2.2887421 2.3234878 1.2289057 1.2162119 1.0379062 2.0544169 0.0920779 0.0935540 2.5530119 2.4916255 1.4203593 1.3311382 0.4443675 0.7672632 1.8439311 0.5054827 1.3571445 1.3900470 0.7808410 1.2809912 0.7944356 1.2593468 0.0700851 0.0659720 0.1159921 0.1159852 0.1144220 0.1229688 0.0486757 0.0571413 0.0117492 0.0117492 0.0129459 0.0476264 0.0447964 0.0502831 0.0501761 0.0518225 0.0531406 
GU983206_BRA_2009 0.0267398 0.1273974 0.0503358 0.0503878 0.0503857 0.0503875 0.0531342 0.0503914 0.0000000 0.0034839 0.1073735 0.1065763 1.3552783 1.3617601 0.1332810 0.1282958 0.1233760 0.1378265 1.3638913 0.4916391 0.9529550 0.4662761 0.0476673 0.0491526 0.9219315 0.8912729 1.0990159 0.0344871 0.0360099 0.4698637 0.0294193 2.6586638 0.7354090 1.2348993 0.4459391 1.3877205 0.5265813 0.5105260 2.4227632 0.7417804 0.4891603 0.0786606 0.0786606 1.8792917 1.8177986 0.4036568 2.5906205 2.3756741 0.1403226 0.1403226 0.1435912 0.1435912 0.1243488 0.1284413 0.1275418 0.1243568 0.1327084 0.1208791 0.0838333 0.0838333 0.0396618 0.0423556 0.0449145 0.0449145 0.0442018 0.0426964 2.5864705 1.3088044 1.8039047 1.3263030 1.5132810 0.6404657 0.8327311 1.5571939 1.4604838 1.4640598 1.5384971 1.8670591 0.3773836 1.4234808 2.1170748 2.2102924 2.3315095 2.3948730 1.2427536 1.2298839 1.0287950 1.9845426 0.0633352 0.0647323 2.5170404 2.4565489 1.3983865 1.3270558 0.4392744 0.7751775 1.8329794 0.5048162 1.3438097 1.3711279 0.8360126 1.3007578 0.7951410 1.2950601 0.0486252 0.0508304 0.1260795 0.1260716 0.1244768 0.1332593 0.0831212 0.0926591 0.0449651 0.0449651 0.0462898 0.0242810 0.0216998 0.0267902 0.0267385 0.0293829 0.0306412 
GU983205_BRA_2009 0.0254805 0.1289988 0.0489960 0.0490464 0.0490444 0.0490461 0.0517831 0.0490499 0.0034839 0.0000000 0.1089147 0.1081249 1.3622568 1.3687678 0.1348896 0.1298916 0.1249593 0.1394777 1.3569190 0.4884965 0.9588340 0.4786444 0.0463354 0.0478118 0.9296961 0.8969637 1.0887267 0.0331986 0.0347086 0.4823324 0.0306971 2.6843800 0.7415103 1.2413627 0.4495917 1.3806664 0.5234284 0.5074042 2.3946566 0.7458740 0.4922216 0.0801214 0.0801214 1.8612140 1.8177986 0.4178634 2.6624597 2.3531180 0.1403226 0.1403226 0.1435912 0.1435912 0.1243488 0.1284413 0.1275418 0.1243568 0.1327084 0.1208791 0.0838333 0.0838333 0.0396618 0.0423556 0.0449145 0.0449145 0.0457123 0.0442018 2.5620572 1.3179116 1.8135606 1.3375213 1.5357412 0.6253822 0.8245934 1.5881284 1.4880750 1.4916722 1.5304658 1.8946055 0.3726625 1.4381030 2.1688576 2.2662492 2.3796851 2.4445518 1.2663044 1.2531628 1.0345420 1.9845426 0.0647323 0.0661334 2.4928787 2.4330056 1.3988101 1.3338983 0.4364544 0.7815450 1.8235696 0.5093830 1.3442648 1.3715702 0.8205119 1.3255655 0.7994584 1.3196841 0.0500249 0.0521866 0.1312188 0.1312104 0.1296008 0.1384966 0.0845702 0.0941459 0.0436429 0.0436429 0.0449635 0.0230269 0.0204588 0.0255282 0.0254792 0.0281100 0.0293650 
OM386801_CHN_1988 0.1074125 0.0506811 0.0909805 0.0848231 0.0896656 0.0898651 0.0884991 0.0854574 0.1073735 0.1089147 0.0000000 0.0082305 1.3683927 1.3749054 0.0759570 0.0701898 0.0658989 0.0879952 1.4067877 0.4764208 0.9226080 0.4705988 0.0880387 0.0898325 0.9799352 0.8962113 1.0372572 0.1171856 0.1195870 0.4742121 0.1127557 2.5618129 0.7188000 1.2044387 0.4010481 1.4755467 0.5368308 0.5040145 2.2557935 0.7708703 0.4941201 0.1306664 0.1306664 1.7308662 1.8215411 0.3730243 2.6107075 2.4357990 0.0421977 0.0421977 0.0448265 0.0448265 0.0426544 0.0455753 0.0453141 0.0479899 0.0485552 0.0399368 0.0976647 0.0976647 0.1103814 0.1137300 0.1141133 0.1141133 0.1243727 0.1262004 2.4464843 1.3068283 1.7463612 1.3631001 1.5513755 0.6376953 0.8847749 1.5403064 1.4229535 1.4265257 1.5885561 1.9103079 0.3190535 1.5615592 2.1274503 2.2410595 2.3041656 2.3452399 1.2067910 1.2009767 1.0219670 1.9561160 0.1315044 0.1331234 2.4431262 2.4211741 1.4505824 1.2718772 0.4526377 0.7349283 1.7813654 0.4798221 1.3229813 1.3656431 0.8272767 1.2102821 0.8201689 1.2486576 0.1220901 0.1251430 0.0766251 0.0795187 0.0751810 0.0828412 0.0925073 0.1023739 0.0850060 0.0850060 0.0864693 0.1157746 0.1090189 0.1188988 0.1185718 0.1159762 0.1174537 
MT741566_CHN_1988 0.1035248 0.0496603 0.0901177 0.0839356 0.0887961 0.0889945 0.0876211 0.0845667 0.1065763 0.1081249 0.0082305 0.0000000 1.3801089 1.3866793 0.0693159 0.0635972 0.0593455 0.0811319 1.4200260 0.4936886 0.9311880 0.4903478 0.0871625 0.0889610 0.9859315 0.9046984 1.0554252 0.1164330 0.1140850 0.4851398 0.1088425 2.5905428 0.7353685 1.2447899 0.4056886 1.4884513 0.5344300 0.5088582 2.2413836 0.7857903 0.4895419 0.1299696 0.1299696 1.7230616 1.8362942 0.3732553 2.5807587 2.4115516 0.0395881 0.0395881 0.0422011 0.0422011 0.0347790 0.0376008 0.0373897 0.0400169 0.0404764 0.0321269 0.0887163 0.0887163 0.1073074 0.1106337 0.1110119 0.1110119 0.1243773 0.1262050 2.4974048 1.2968581 1.7719682 1.3748992 1.5500369 0.6596962 0.8986266 1.5266673 1.4296493 1.4332288 1.5688407 1.9305443 0.3351699 1.6157155 2.1059297 2.2176623 2.3259930 2.3675766 1.2345184 1.2285379 1.0148580 1.9599607 0.1373568 0.1389980 2.4873258 2.4649164 1.4793414 1.2980008 0.4455164 0.7610710 1.8075482 0.4752444 1.3481457 1.3633573 0.8498796 1.2511651 0.8384317 1.2773026 0.1254227 0.1276605 0.0815330 0.0844707 0.0800666 0.0878706 0.0916508 0.1015554 0.0841173 0.0841173 0.0855871 0.1150141 0.1082288 0.1181538 0.1178275 0.1152152 0.1167009 
KJ857503_CHN_1990 1.4123086 1.3306895 1.3502876 1.3503825 1.3551608 1.3755336 1.3801357 1.3837086 1.3552783 1.3622568 1.3683927 1.3801089 0.0000000 0.0023236 1.3483549 1.3068938 1.3036627 1.3454261 0.8706289 1.3447863 1.2064074 1.0636339 1.3411792 1.3596488 1.1868138 1.3916613 0.9283443 1.3612225 1.3672313 1.0596248 1.3842316 3.6518191 1.2175761 1.9636465 1.0470745 0.8061732 1.3864840 1.3046170 2.0733239 1.5379977 1.3571966 1.4282927 1.4282927 2.1139629 0.8700153 2.9623614 0.9876348 1.5015857 2.2293350 2.2293350 2.2322741 2.2322741 2.2120562 2.1556501 2.2354022 2.2116356 2.3396277 2.2426451 2.1841345 2.1841345 2.2527137 2.2191378 2.2522821 2.2522821 1.4580111 1.4598538 2.5418874 0.8253036 1.6975056 0.4340414 0.8765148 1.0024753 0.4051881 2.1052774 1.4942541 1.4905932 1.6025516 2.1377720 0.9269134 1.8493589 1.1018436 1.1375417 2.6707282 2.6916909 2.0495501 2.0366430 1.4682846 3.0346951 1.2569343 1.2634199 3.2033880 3.1677401 0.9642105 0.9537610 1.2766947 1.2976650 0.8988881 1.3594434 0.3289346 0.3404869 1.2539279 1.9735715 1.3362827 2.0272348 1.3346657 1.3987485 1.3762561 1.3874827 1.4085151 1.4236174 1.3127656 1.3134252 1.3568406 1.3568406 1.3564166 1.3883073 1.3760424 1.4392253 1.4095993 1.4013751 1.4370802 
KJ857502_CHN_1990 1.4046338 1.3370316 1.3567523 1.3568406 1.3616391 1.3820961 1.3867219 1.3903132 1.3617601 1.3687678 1.3749054 1.3866793 0.0023236 0.0000000 1.3547715 1.3131367 1.3098909 1.3518483 0.8740903 1.3447863 1.2064074 1.0766566 1.3475947 1.3661528 1.1772522 1.3916613 0.9326086 1.3677266 1.3737681 1.0726490 1.3897129 3.6722570 1.2234404 1.9734338 1.0605752 0.8149307 1.3864840 1.3046170 2.0705798 1.5441645 1.3571966 1.4339516 1.4339516 2.1139629 0.8615513 2.9983203 0.9852695 1.4984975 2.2279536 2.2279536 2.2308895 2.2308895 2.2106518 2.1542863 2.2339822 2.2102318 2.3381294 2.2412206 2.1827491 2.1827491 2.2512974 2.2177445 2.2508664 2.2508664 1.4561690 1.4580111 2.5250101 0.8236704 1.7157498 0.4340414 0.8809871 1.0071729 0.4000621 2.1145914 1.5002174 1.4965315 1.6198246 2.1377720 0.9326676 1.8684829 1.0995535 1.1351413 2.6828802 2.7039840 2.0597916 2.0468049 1.4842848 3.0034052 1.2629629 1.2694746 3.2190623 3.1831786 0.9679949 0.9575082 1.2817348 1.3038979 0.9023954 1.3456364 0.3339642 0.3354475 1.2588637 1.9833990 1.3415963 2.0373494 1.3401550 1.4042785 1.3828126 1.3940890 1.4152161 1.4303852 1.3190580 1.3197242 1.3633253 1.3633253 1.3628998 1.3949508 1.3826207 1.4461139 1.4163426 1.4080775 1.4439532 
OM386810_CHN_1994 0.1202775 0.0881695 0.1063213 0.1128396 0.1082737 0.1085256 0.1068908 0.1100912 0.1332810 0.1348896 0.0759570 0.0693159 1.3483549 1.3547715 0.0000000 0.0166188 0.0129798 0.0195037 1.5204130 0.4717895 0.9722030 0.4634711 0.1065766 0.1085138 0.9691800 0.9179043 1.0983282 0.1199008 0.1223188 0.4670372 0.1293493 2.5692517 0.7567082 1.2770287 0.4330293 1.5551315 0.5140541 0.4819905 2.2300904 0.8133216 0.4573926 0.1354173 0.1354173 1.7536341 1.7414095 0.3414129 3.0179902 2.4566272 0.0966929 0.0966929 0.0933285 0.0933285 0.0831772 0.0866889 0.0802441 0.0831830 0.0903058 0.0800650 0.1152228 0.1152228 0.1345053 0.1380818 0.1385038 0.1385038 0.1450454 0.1469293 2.4923110 1.3363884 1.7621148 1.3918227 1.5997934 0.6368162 0.8726048 1.4924585 1.3903178 1.3950075 1.5630962 1.9237981 0.3614330 1.4461231 2.3209781 2.4526846 2.3180894 2.2992269 1.2498112 1.2437735 1.0227296 1.8537675 0.1450334 0.1430227 2.4609295 2.4663641 1.5466410 1.3049135 0.4156477 0.7677660 1.8001274 0.4874250 1.3519671 1.4145778 0.8338823 1.2797563 0.8289909 1.3103336 0.1315632 0.1314281 0.1055870 0.1086501 0.1071180 0.1089768 0.0990247 0.1122264 0.1034077 0.1034077 0.1049255 0.1376197 0.1282878 0.1320972 0.1317199 0.1359297 0.1374355 
OM386809_CHN_1994 0.1154095 0.0762636 0.0986268 0.1050301 0.1005304 0.1007604 0.1024144 0.1023030 0.1282958 0.1298916 0.0701898 0.0635972 1.3068938 1.3131367 0.0166188 0.0000000 0.0034830 0.0245266 1.4788691 0.4664819 0.9679174 0.4544656 0.0956413 0.0974930 0.9255308 0.8862813 1.0443278 0.1184518 0.1208588 0.4579613 0.1208830 2.6247343 0.7287061 1.2469256 0.4259582 1.4986170 0.5061969 0.4766427 2.1795950 0.7831473 0.4448947 0.1251535 0.1251535 1.7361093 1.7372064 0.3238370 2.8933995 2.3796856 0.0818510 0.0818510 0.0786415 0.0786415 0.0625728 0.0657969 0.0653947 0.0682329 0.0691004 0.0655239 0.1118200 0.1118200 0.1277064 0.1312262 0.1316393 0.1316393 0.1388188 0.1406802 2.4072645 1.2792538 1.7156462 1.3400447 1.5341595 0.6224741 0.8550282 1.4972178 1.3802843 1.3849527 1.5450429 1.9174226 0.3499410 1.4529598 2.2609944 2.3873492 2.3029499 2.3092315 1.2048152 1.1990467 0.9837773 1.8524325 0.1431805 0.1411816 2.3754759 2.3807528 1.5091232 1.2785834 0.4001196 0.7568177 1.8369016 0.4814365 1.3541893 1.3694371 0.8048912 1.2375512 0.8176688 1.2632676 0.1263713 0.1264159 0.1024161 0.1054608 0.1039379 0.1057753 0.0914074 0.1043528 0.0957434 0.0957434 0.0972406 0.1325644 0.1233496 0.1303093 0.1299393 0.1273546 0.1288473 
OM386811_CHN_1995 0.1106059 0.0777837 0.0970178 0.1033909 0.0989093 0.0991346 0.1007800 0.1006709 0.1233760 0.1249593 0.0658989 0.0593455 1.3036627 1.3098909 0.0129798 0.0034830 0.0000000 0.0207218 1.4612239 0.4642016 0.9591905 0.4466786 0.0940436 0.0958817 0.9194262 0.8817761 1.0511293 0.1136251 0.1159831 0.4501129 0.1194394 2.6040685 0.7257661 1.2321167 0.4268457 1.4962267 0.4992243 0.4697833 2.2156047 0.7864626 0.4454919 0.1301565 0.1301565 1.7295365 1.7047925 0.3289469 2.8352533 2.3551313 0.0818454 0.0818454 0.0786361 0.0786361 0.0625683 0.0657922 0.0653901 0.0682280 0.0690954 0.0655192 0.1118125 0.1118125 0.1276982 0.1312179 0.1316310 0.1316310 0.1371555 0.1390157 2.4399382 1.2758011 1.7378585 1.3305138 1.5368004 0.6215136 0.8605307 1.5003224 1.3879738 1.3926562 1.5482693 1.9144523 0.3430869 1.4312293 2.2397873 2.3641832 2.2844031 2.2906023 1.2065778 1.2007926 0.9791737 1.8513426 0.1413586 0.1393713 2.4082725 2.4136144 1.5116578 1.2875444 0.3980747 0.7537958 1.8247311 0.4718406 1.3370600 1.3704624 0.8104721 1.2355395 0.8211059 1.2651754 0.1281964 0.1281780 0.1010099 0.1040515 0.1025300 0.1043612 0.0898214 0.1027013 0.0941434 0.0941434 0.0956349 0.1275755 0.1184764 0.1253565 0.1250054 0.1259047 0.1273979 
OM386812_CHN_1997 0.1244685 0.1008308 0.1134899 0.1202544 0.1155290 0.1158074 0.1141103 0.1174276 0.1378265 0.1394777 0.0879952 0.0811319 1.3454261 1.3518483 0.0195037 0.0245266 0.0207218 0.0000000 1.5115194 0.4817847 1.0375466 0.4885636 0.1103633 0.1123669 0.9856981 0.9598716 1.1046070 0.1240695 0.1265771 0.4923994 0.1338220 2.7126091 0.7636851 1.2951657 0.4246560 1.5393932 0.5124639 0.4990426 2.1000950 0.8283913 0.4812264 0.1496607 0.1496607 1.7257961 1.7250808 0.3275657 3.0231344 2.4548732 0.0976598 0.0976598 0.0942508 0.0942508 0.0777351 0.0811960 0.0806768 0.0836346 0.0847564 0.0808450 0.1164592 0.1164592 0.1360040 0.1396337 0.1400615 0.1400615 0.1463404 0.1482455 2.4548194 1.3068413 1.8160480 1.3624777 1.5510688 0.6729685 0.8714210 1.5072038 1.4045861 1.4092950 1.5950683 1.9370617 0.3816872 1.5955998 2.2915972 2.3659446 2.3507644 2.3316292 1.2676219 1.2614616 1.0311534 1.7671762 0.1563821 0.1542779 2.5321995 2.5378001 1.5152192 1.3182587 0.4281242 0.7748944 1.8618595 0.5046511 1.3858339 1.4149619 0.8527883 1.2980641 0.8630564 1.3164851 0.1359965 0.1426388 0.1223413 0.1255504 0.1239460 0.1259505 0.1059710 0.1196930 0.1104876 0.1104876 0.1120564 0.1423148 0.1326942 0.1399446 0.1395290 0.1405834 0.1421240 
GQ329723_CHN_1997 1.3637509 1.5080594 1.3199102 1.3433653 1.3203483 1.3286949 1.3459893 1.3441070 1.3638913 1.3569190 1.4067877 1.4200260 0.8706289 0.8740903 1.5204130 1.4788691 1.4612239 1.5115194 0.0000000 1.6989966 1.3964142 1.3004313 1.3005373 1.3185883 1.1461133 1.3962644 1.1251645 1.3691104 1.3950246 1.2885087 1.4181427 2.9257468 1.6120101 2.1437411 1.1595173 0.8582532 1.5690859 1.3807336 2.4673243 1.7138971 1.4153159 1.4253889 1.4253889 2.2983591 1.3821197 3.2291088 1.1597252 0.5791039 2.5925271 2.5925271 2.6122903 2.6122903 2.6218688 2.5507558 2.6509687 2.6804213 2.7834457 2.6597594 2.4304998 2.4304998 2.4238871 2.3860705 2.4233683 2.4233683 1.4762646 1.4848664 3.1879091 0.8464236 2.5398844 0.7894349 0.5107935 1.3939989 0.7759268 2.1437352 1.6124672 1.5939775 2.3165454 2.4977046 1.1356423 1.8669805 1.3288870 1.3923722 2.1561700 2.2855617 2.2576511 2.2310501 1.4380992 3.3701097 1.3249730 1.3499651 2.5075157 2.4048773 0.5373657 0.4328699 1.5865862 1.8672855 1.0333461 1.4350758 0.9721341 1.0456767 1.7066599 2.3061065 1.7165676 2.2230811 1.3694471 1.4460146 1.5395557 1.5597370 1.5475249 1.5430403 1.2995184 1.3233841 1.3158798 1.3158798 1.3143396 1.3744062 1.3525572 1.4251702 1.4147715 1.4008529 1.4368466 
GQ329726_CHN_1999 0.4996797 0.4539514 0.4873899 0.4944166 0.4859936 0.4916140 0.4871190 0.4879243 0.4916391 0.4884965 0.4764208 0.4936886 1.3447863 1.3447863 0.4717895 0.4664819 0.4642016 0.4817847 1.6989966 0.0000000 1.0276734 0.3057413 0.4915691 0.4984119 1.0410922 0.9694535 1.0165142 0.4715016 0.4854934 0.3032068 0.4945029 2.7742407 0.7638205 1.0348604 0.4442726 1.3460250 0.3166200 0.2914818 2.1069749 0.7893821 0.3044210 0.4509615 0.4509615 1.9660894 2.2909876 0.5164922 4.0671087 3.2028774 0.5984801 0.5984801 0.5930248 0.5930248 0.6118815 0.6020926 0.6191530 0.6118733 0.6440962 0.6207823 0.6703505 0.6703505 0.6568033 0.6658968 0.6663927 0.6663927 0.4863922 0.4899069 2.6379829 1.4136316 1.5208368 1.4616439 1.5718583 0.6934650 0.8674681 1.7485274 1.5302023 1.5041784 1.4371980 2.2044031 0.4075015 1.3414560 2.0813040 2.1714785 2.6412789 2.5773998 1.1035590 1.1036484 1.0845152 2.3555412 0.5025347 0.5072579 2.3263774 2.3181996 1.5481820 1.4416707 0.4449113 0.7758481 2.1129536 0.5188432 1.4299102 1.4047555 0.7945302 1.0678211 0.8310115 1.0839913 0.4867121 0.4910186 0.4574226 0.4634220 0.4543906 0.4610246 0.4969536 0.5064671 0.4922708 0.4922708 0.4953849 0.4954524 0.4906688 0.4994243 0.4963684 0.4870397 0.4978830 
AB268310_CHN_2000 0.9786445 0.9616817 0.9299165 0.9256285 0.9427672 0.9387101 0.9408753 0.9280095 0.9529550 0.9588340 0.9226080 0.9311880 1.2064074 1.2064074 0.9722030 0.9679174 0.9591905 1.0375466 1.3964142 1.0276734 0.0000000 1.0276369 0.9212680 0.9358417 0.2518286 0.2492487 1.4099634 0.9926642 1.0096210 1.0235925 0.9755394 2.9902140 1.0363199 1.4092468 0.9231397 1.5384918 0.9616325 0.9520303 2.2149621 0.9715323 1.0661657 0.9760003 0.9760003 1.8965166 1.7464654 1.0748495 2.0383479 1.8998972 1.0505608 1.0505608 1.0289555 1.0289555 0.9739952 0.9739952 0.9884410 0.9920785 1.0447057 0.9918500 0.9324092 0.9324092 1.0193559 1.0193559 1.0342602 1.0342602 0.8876886 0.8876886 3.4969775 1.5610947 1.9013725 1.2466287 1.3721721 0.8872660 1.3146976 1.9151072 1.4233141 1.4380091 1.8954237 2.3129626 0.8431304 1.8464749 1.6050426 1.7217617 2.1809995 2.2355857 1.5392515 1.5264915 0.2116580 2.0184636 0.9418836 0.9624544 3.3173069 3.3280435 1.4982568 1.2252880 0.9438316 1.0629376 1.7214029 0.8114194 1.0833468 1.1351204 0.9856601 1.4427090 1.0267589 1.4818682 0.8954606 0.9901653 0.9757158 0.9964665 0.9750800 1.0006286 0.9047916 0.9193858 0.9225713 0.9225713 0.9211056 0.9825182 0.9566976 0.9772508 0.9804001 0.9630291 0.9911016 
AB268302_CHN_2000 0.4755190 0.4755217 0.4644779 0.4591775 0.4623586 0.4671557 0.4518285 0.4596788 0.4662761 0.4786444 0.4705988 0.4903478 1.0636339 1.0766566 0.4634711 0.4544656 0.4466786 0.4885636 1.3004313 0.3057413 1.0276369 0.0000000 0.4647663 0.4723276 0.9167355 0.8893017 1.0944009 0.4273747 0.4356063 0.0000010 0.4704414 1.9833420 0.6160815 1.0741089 0.3892570 1.1729419 0.3423231 0.3200218 2.2800594 0.7022322 0.3321568 0.4488124 0.4488124 1.7454066 1.7483923 0.3548644 2.8131475 2.6182446 0.4313344 0.4313344 0.4274296 0.4274296 0.4612307 0.4612307 0.4697550 0.4612383 0.4964047 0.4716795 0.4492849 0.4492849 0.4651168 0.4651168 0.4761680 0.4761680 0.4776739 0.4776739 2.1909592 1.4108183 1.5172418 1.0113160 1.3040657 0.5999260 0.7974797 1.4370441 1.3346633 1.3015892 1.5317051 1.6285972 0.3971338 1.4931186 1.9623249 2.1057276 2.1270639 2.1749989 1.1427411 1.1450467 0.7574428 1.7863894 0.4835463 0.4960153 1.9299605 1.9505223 1.3033078 1.4633346 0.4003609 0.6319358 1.6274655 0.4686099 1.1763502 1.2232270 0.6194760 1.1514467 0.6629363 1.1168460 0.4481921 0.4478208 0.4427324 0.4546466 0.4501631 0.4567738 0.4388109 0.4606873 0.4655531 0.4655531 0.4620539 0.4854271 0.4828964 0.4743817 0.4787243 0.4861072 0.4856341 
OM386802_CHN_2003 0.0369065 0.1134375 0.0070005 0.0093743 0.0117578 0.0117583 0.0141703 0.0141592 0.0476673 0.0463354 0.0880387 0.0871625 1.3411792 1.3475947 0.1065766 0.0956413 0.0940436 0.1103633 1.3005373 0.4915691 0.9212680 0.4647663 0.0000000 0.0011579 0.9599401 0.9177842 1.0842632 0.0448807 0.0465039 0.4683087 0.0490538 2.7215462 0.7142477 1.2426762 0.4493407 1.4071368 0.5316869 0.4759959 2.2877415 0.7351142 0.4891561 0.0859272 0.0859272 1.8699615 1.8163389 0.4215808 2.5406532 2.3879987 0.1259845 0.1259845 0.1291554 0.1291554 0.0922380 0.0958748 0.0952459 0.0982690 0.0996302 0.0954509 0.0541717 0.0541717 0.0118067 0.0142386 0.0166417 0.0166417 0.0595947 0.0611616 2.5095713 1.2922236 1.7192680 1.3014215 1.5553246 0.6225240 0.8246551 1.5038287 1.4551016 1.4586854 1.5500222 1.9667371 0.3558041 1.4805418 2.0680970 2.1777830 2.2473076 2.2813040 1.2196594 1.2070586 1.0360812 2.0706573 0.0861099 0.0875691 2.4717837 2.4125533 1.4478417 1.3190501 0.4373930 0.7537322 1.8502586 0.5018294 1.3403834 1.3739562 0.7723384 1.2775671 0.7918334 1.2487892 0.0641923 0.0631138 0.1186479 0.1186408 0.1170765 0.1256453 0.0407399 0.0516662 0.0023158 0.0023158 0.0034796 0.0449256 0.0421266 0.0475636 0.0474636 0.0464088 0.0477131 
GQ329725_CHN_2003 0.0383124 0.1154356 0.0082021 0.0105914 0.0129895 0.0129899 0.0154179 0.0154057 0.0491526 0.0478118 0.0898325 0.0889610 1.3596488 1.3661528 0.1085138 0.0974930 0.0958817 0.1123669 1.3185883 0.4984119 0.9358417 0.4723276 0.0011579 0.0000000 0.9599401 0.9230077 1.1014038 0.0463442 0.0479870 0.4759505 0.0505510 2.7657108 0.7239841 1.2597853 0.4570766 1.4267136 0.5338176 0.4778694 2.2877415 0.7450449 0.4910787 0.0877217 0.0877217 1.8998411 1.8163389 0.4215808 2.5406532 2.3879987 0.1259845 0.1259845 0.1291554 0.1291554 0.0922380 0.0958748 0.0952459 0.0982690 0.0996302 0.0954509 0.0541717 0.0541717 0.0118067 0.0142386 0.0166417 0.0166417 0.0595947 0.0611616 2.5496259 1.3162442 1.7287214 1.3194822 1.5773060 0.6326543 0.8449711 1.5119648 1.4754280 1.4790296 1.5724193 1.9780121 0.3619551 1.5217121 2.0680970 2.1777830 2.2824069 2.3170984 1.2365597 1.2237576 1.0509875 2.0706573 0.0878794 0.0893488 2.5118398 2.4514807 1.4678566 1.3372542 0.4432857 0.7639867 1.8772533 0.5085782 1.3589207 1.3930519 0.7827713 1.2953893 0.8024806 1.2661460 0.0658633 0.0647172 0.1206934 0.1206860 0.1172866 0.1277541 0.0421693 0.0531795 0.0034883 0.0034883 0.0046591 0.0463908 0.0435675 0.0490461 0.0489421 0.0478892 0.0492013 
AB727976_CHN_2005 0.9573259 0.9265713 0.9778784 0.9736790 0.9798262 0.9736216 0.9880652 0.9861671 0.9219315 0.9296961 0.9799352 0.9859315 1.1868138 1.1772522 0.9691800 0.9255308 0.9194262 0.9856981 1.1461133 1.0410922 0.2518286 0.9167355 0.9599401 0.9599401 0.0000000 0.1439365 1.1805267 0.9415704 0.9574576 0.9167355 0.9616457 2.8639494 1.0250867 1.5746703 0.9760983 1.3723840 0.9015322 0.8508969 2.6058656 1.0822226 0.8847104 0.9335876 0.9335876 1.9666304 1.5740133 1.4287315 1.6105666 1.5146837 1.2595727 1.2595727 1.2616728 1.2616728 1.3441218 1.3441218 1.3703679 1.3703679 1.4814265 1.3776934 1.4802137 1.4802137 1.5875734 1.5875734 1.5571456 1.5571456 0.9528593 0.9528593 3.6004280 1.6294816 2.1259676 1.2907679 1.1527247 0.9302176 1.1088656 2.3369708 1.1642201 1.1794566 2.1001099 2.2888953 0.8564609 1.6646994 1.4827014 1.5903988 2.3528443 2.4055485 1.6132795 1.6305379 0.1762051 2.7113004 0.9715919 0.9796983 3.3339329 3.3569306 1.0853952 1.1842863 1.0316890 1.0253983 1.4194327 1.0125973 1.0743181 1.0286539 0.9338535 1.5571259 1.0888441 1.5238653 0.9515849 0.9799270 0.9784408 1.0065959 0.9883832 0.9931641 0.9855119 1.0248596 0.9778784 0.9778784 0.9778784 0.9985584 0.9526756 1.0014284 1.0057799 0.9826250 0.9904118 
JQ968948_CHN_2006 0.9230580 0.8644740 0.9254315 0.9379752 0.9176436 0.9122035 0.9244636 0.9115260 0.8912729 0.8969637 0.8962113 0.9046984 1.3916613 1.3916613 0.9179043 0.8862813 0.8817761 0.9598716 1.3962644 0.9694535 0.2492487 0.8893017 0.9177842 0.9230077 0.1439365 0.0000000 1.5081318 0.9170650 0.9450157 0.8853196 0.9416501 3.0250349 0.8964079 1.4162411 0.9382837 1.3623025 0.8622517 0.8422993 2.4341018 0.9110054 0.9079222 0.9075224 0.9075224 1.8908981 2.0885987 1.2280091 1.7890848 1.9563110 0.9909416 0.9909416 1.0151131 1.0151131 1.0380510 1.0380510 1.0540129 1.0579448 1.1171634 1.0578890 1.0979280 1.0979280 1.2208075 1.2208075 1.2026717 1.2026717 0.8922264 0.8922264 3.2267216 1.5973104 1.9442974 1.3777368 1.3572196 0.9039407 1.1349524 2.0411405 1.4109188 1.4313807 1.9286247 2.3714049 0.8718413 1.6016029 1.6706347 1.7958993 2.1759869 2.1979082 1.4009829 1.4119577 0.1643514 2.3347809 0.9158103 0.9215982 2.8180603 2.7244533 1.3339217 1.1070221 0.9338040 0.8935102 1.6952512 0.9472528 1.2698125 1.1518871 0.9117685 1.3535185 0.9929310 1.4083554 0.9396131 0.9813725 0.8848316 0.9044130 0.8825639 0.9146638 0.9028861 0.9228271 0.9191056 0.9191056 0.9187452 0.9524094 0.9006320 0.9471882 0.9503530 0.9085937 0.9357801 
JQ968952_CHN_2006 1.1251132 1.0362615 1.1036039 1.0985455 1.1297481 1.1162102 1.1272632 1.1121343 1.0990159 1.0887267 1.0372572 1.0554252 0.9283443 0.9326086 1.0983282 1.0443278 1.0511293 1.1046070 1.1251645 1.0165142 1.4099634 1.0944009 1.0842632 1.1014038 1.1805267 1.5081318 0.0000000 1.0981702 1.1169540 1.0903373 1.1285029 2.9913948 1.1503241 1.6497496 1.0352075 1.2329137 1.1645814 1.1116407 2.1299813 1.2566187 1.1504072 1.0723274 1.0723274 1.7602383 1.2457393 1.1940217 1.3828227 1.3519716 0.9854994 0.9854994 1.0107250 1.0107250 0.9738052 0.9738052 0.9881829 0.9737217 0.9926282 0.9915761 1.0998090 1.0998090 1.0621974 1.0621974 1.0469889 1.0469889 1.0319308 1.0319308 2.6453345 1.2561510 1.5268136 1.2113352 1.2137647 1.2022716 1.1620813 2.1325329 0.3091706 0.3167174 1.5552452 1.7149319 1.0202449 1.5422938 1.5593048 1.6078453 2.7869874 2.8235023 1.6394630 1.6523791 1.2953591 2.5368507 1.1140278 1.1036070 3.0179120 2.9576952 1.1284378 1.0950500 1.1138751 1.1651542 1.5756636 1.2101638 1.0156832 1.0081911 1.0824620 1.6017668 1.3245905 1.6097854 1.0518883 1.1141822 1.1254724 1.1493305 1.1187328 1.1363483 1.0667948 1.0816502 1.0990488 1.0990488 1.0924619 1.1346474 1.1470285 1.1461043 1.1547414 1.1156680 1.1244879 
OM386803_CHN_2007 0.0191581 0.1344297 0.0475267 0.0475753 0.0488933 0.0502454 0.0501993 0.0529359 0.0344871 0.0331986 0.1171856 0.1164330 1.3612225 1.3677266 0.1199008 0.1184518 0.1136251 0.1240695 1.3691104 0.4715016 0.9926642 0.4273747 0.0448807 0.0463442 0.9415704 0.9170650 1.0981702 0.0000000 0.0034999 0.4306253 0.0371112 2.6552484 0.6899857 1.2065507 0.4167689 1.3697122 0.5054901 0.4782040 2.3904139 0.7518836 0.4629052 0.0874511 0.0874511 1.9294877 1.7355514 0.4132920 2.6312164 2.3531909 0.1508746 0.1508746 0.1542022 0.1542022 0.1418204 0.1461780 0.1451184 0.1418292 0.1507469 0.1381908 0.0868141 0.0868141 0.0422774 0.0449926 0.0475619 0.0475619 0.0470770 0.0485954 2.5919292 1.3221470 1.8339770 1.3442933 1.5140433 0.5892314 0.8204708 1.5236006 1.5202209 1.5250595 1.5410000 1.9399475 0.3658847 1.5649454 2.2007796 2.3009162 2.4573888 2.4598099 1.2178395 1.2052535 1.0505527 2.1737508 0.0774415 0.0788782 2.3587550 2.3024799 1.4063797 1.3509180 0.4294209 0.7447917 1.7841309 0.5408232 1.3902297 1.4029849 0.7786095 1.2868902 0.7791590 1.2772111 0.0456108 0.0505882 0.1331090 0.1331004 0.1314833 0.1404330 0.0768278 0.0890689 0.0422048 0.0422048 0.0435180 0.0230237 0.0191325 0.0241570 0.0241111 0.0345376 0.0358108 
MT741582_CHN_2007 0.0205198 0.1403053 0.0491755 0.0492263 0.0505567 0.0519224 0.0518742 0.0546392 0.0360099 0.0347086 0.1195870 0.1140850 1.3672313 1.3737681 0.1223188 0.1208588 0.1159831 0.1265771 1.3950246 0.4854934 1.0096210 0.4356063 0.0465039 0.0479870 0.9574576 0.9450157 1.1169540 0.0034999 0.0000000 0.4306209 0.0386620 2.6819051 0.7005244 1.2372510 0.4167638 1.3899352 0.5155129 0.4858125 2.3907268 0.7660474 0.4703271 0.0895452 0.0895452 1.9296591 1.7355514 0.4132920 2.6312164 2.3531909 0.1508746 0.1508746 0.1542022 0.1542022 0.1418204 0.1461780 0.1451184 0.1418292 0.1507469 0.1381908 0.0868141 0.0868141 0.0422774 0.0449926 0.0475619 0.0475619 0.0470750 0.0485934 2.6178364 1.3222368 1.8430209 1.3643203 1.5141351 0.6001242 0.8323642 1.5074967 1.5428736 1.5477394 1.5383077 1.9706983 0.3732658 1.6114276 2.2007796 2.3009162 2.4544730 2.4568889 1.2489179 1.2359905 1.0622673 2.1737508 0.0823158 0.0837741 2.3982752 2.3409243 1.4269872 1.3568776 0.4361939 0.7560269 1.8113961 0.5425835 1.4108543 1.4238892 0.7988369 1.3198440 0.7993289 1.3098074 0.0456091 0.0522791 0.1324167 0.1324081 0.1307825 0.1397748 0.0787724 0.0911491 0.0438002 0.0438002 0.0451262 0.0244325 0.0204921 0.0255703 0.0255211 0.0360640 0.0373488 
HQ538435_CHN_2010 0.4791645 0.4791847 0.4680162 0.4626761 0.4658887 0.4707217 0.4552710 0.4631841 0.4698637 0.4823324 0.4742121 0.4851398 1.0596248 1.0726490 0.4670372 0.4579613 0.4501129 0.4923994 1.2885087 0.3032068 1.0235925 0.0000010 0.4683087 0.4759505 0.9167355 0.8853196 1.0903373 0.4306253 0.4306209 0.0000000 0.4740490 1.9675023 0.6125636 1.0851344 0.3892570 1.1689209 0.3417724 0.3221189 2.2800594 0.6940490 0.3343298 0.4522100 0.4522100 1.7454066 1.7483923 0.3548644 2.8131475 2.6182446 0.4313344 0.4313344 0.4274296 0.4274296 0.4612307 0.4612307 0.4697550 0.4612383 0.4964047 0.4716795 0.4492849 0.4492849 0.4651168 0.4651168 0.4761680 0.4761680 0.4776739 0.4776739 2.1741722 1.4108183 1.5131904 1.0072950 1.3040657 0.5963541 0.7834744 1.4370441 1.3306157 1.2975434 1.5181930 1.6246712 0.4002127 1.4864406 1.9623249 2.1057276 2.1104461 2.1581286 1.1547305 1.1570644 0.7574428 1.7863894 0.4872544 0.4998259 1.9561254 1.9770628 1.2992602 1.4593357 0.4033180 0.6283675 1.6235604 0.4723154 1.1722847 1.2191545 0.6158930 1.1636129 0.6592971 1.1284219 0.4481921 0.4512289 0.4460949 0.4581029 0.4535798 0.4602570 0.4421532 0.4642217 0.4691022 0.4691022 0.4655756 0.4891649 0.4866160 0.4780157 0.4823934 0.4898568 0.4893672 
OM386808_CHN_2010 0.0267604 0.1298880 0.0517353 0.0517891 0.0517869 0.0517888 0.0572766 0.0544996 0.0294193 0.0306971 0.1127557 0.1088425 1.3842316 1.3897129 0.1293493 0.1208830 0.1194394 0.1338220 1.4181427 0.4945029 0.9755394 0.4704414 0.0490538 0.0505510 0.9616457 0.9416501 1.1285029 0.0371112 0.0386620 0.4740490 0.0000000 2.6882211 0.7127155 1.2806470 0.4242449 1.4535413 0.5313790 0.4918704 2.3099300 0.7280775 0.4702594 0.0604567 0.0604567 1.8787631 1.7164758 0.3939339 2.5312315 2.4236479 0.1458668 0.1458668 0.1492128 0.1492128 0.1301571 0.1344140 0.1334441 0.1301655 0.1388622 0.1265708 0.0880498 0.0880498 0.0454707 0.0482475 0.0508630 0.0508630 0.0217856 0.0231917 2.4258220 1.3158800 1.7827931 1.3487865 1.5591817 0.6234569 0.8347852 1.5135783 1.4693361 1.4741081 1.5230941 1.9334823 0.3619464 1.4725741 2.1250197 2.2179059 2.3770119 2.4417594 1.2622790 1.2491787 1.0588290 2.0520250 0.0749868 0.0764233 2.4662948 2.4071702 1.4032522 1.3257079 0.4463235 0.7637732 1.8306105 0.5143121 1.3870442 1.3751963 0.7846114 1.3591166 0.7431351 1.2925389 0.0263757 0.0291965 0.1350672 0.1350584 0.1334335 0.1424384 0.0818038 0.0913329 0.0463370 0.0463370 0.0476681 0.0268216 0.0242109 0.0293499 0.0292925 0.0166660 0.0178771 
JX678287_CHN_2011 2.7052410 2.7134045 2.6454949 2.7186874 2.7140633 2.6559767 2.6962811 2.6918549 2.6586638 2.6843800 2.5618129 2.5905428 3.6518191 3.6722570 2.5692517 2.6247343 2.6040685 2.7126091 2.9257468 2.7742407 2.9902140 1.9833420 2.7215462 2.7657108 2.8639494 3.0250349 2.9913948 2.6552484 2.6819051 1.9675023 2.6882211 0.0000000 3.0171385 3.9542276 1.9220662 2.9143417 2.8478842 2.8780592 0.9747453 3.5091652 2.8793927 2.8298791 2.8298791 1.7191774 3.8907938 4.2567045 5.1054742 5.0728964 3.8398759 3.8398759 3.9539026 3.9539026 3.4701352 3.3701189 3.4287624 3.4690924 3.6994716 3.4120053 3.3713308 3.3713308 3.6732937 3.6116960 3.7238716 3.7238716 2.6852086 2.6862154 1.2147986 2.2605824 1.6222384 3.1939778 3.1450359 2.6621104 2.0775502 1.6409266 3.8887492 3.7962736 1.4945559 2.1160963 2.0417647 1.4908837 3.7402180 4.1487321 1.2709435 1.3209365 3.7870156 3.8514118 3.3236170 2.6698576 2.7280173 2.7433984 1.0308129 1.0372436 3.1818393 3.1544347 2.9596537 3.3541303 3.6105215 3.3609357 3.2208677 3.1210574 3.3500134 3.8215644 3.1372835 3.9205229 2.6238222 2.7270908 2.6536206 2.6911094 2.6786292 2.6878274 2.6545446 2.7330500 2.6850143 2.6850143 2.6702787 2.7482155 2.7451178 2.7453944 2.7210067 2.7410953 2.7424544 
